0.000000000000000000e+00
7.128562557994481312e-06
7.005297499288269885e-06
1.151592823109954390e-05
1.924768327216952671e-05
3.014356741509598383e-05
4.255005329119680420e-05
5.655768234936280455e-05
7.543658192434303696e-05
1.033135992723058292e-04
1.432181232781859416e-04
1.966210081760987006e-04
2.659842784019685047e-04
3.580729497224290872e-04
4.841891473524890925e-04
6.579271175222659983e-04
8.940738353598623412e-04
1.210882671892358087e-03
1.634093299078108073e-03
2.199656499033354490e-03
2.953916837432618483e-03
3.951915623068406186e-03
5.254599326500681948e-03
6.923148397606701532e-03
9.005082174198182979e-03
1.150558339282243582e-02
1.434192762091139606e-02
1.729330060774747838e-02
1.998683082341834449e-02
2.197847008592504828e-02
2.293268082246741751e-02
2.276739416650594428e-02
2.161699256077009162e-02
1.967654890653067548e-02
1.712656356016673334e-02
1.421297225629114709e-02
1.129918356493480464e-02
8.723050563681947894e-03
6.655118592316691152e-03
5.109704440048328140e-03
4.016758994905875180e-03
3.274246258543945121e-03
2.777009551683329216e-03
2.437030053310230981e-03
2.194197196266926050e-03
2.013630663259041199e-03
1.875888277596860897e-03
1.768313350531540082e-03
1.681050932737829370e-03
1.606537613463167096e-03
1.539786902647524887e-03
1.477565277174139021e-03
1.416988234993595214e-03
1.354836879144620922e-03
1.288008065928736420e-03
1.214612860291907270e-03
1.134811154999903430e-03
1.050861524642552431e-03
9.663814721798439332e-04
8.852241851970694790e-04
8.104533225702610167e-04
7.437632265991710005e-04
6.854124967400181947e-04
6.344671990289321110e-04
5.892080961290899590e-04
5.477451028822166159e-04
5.086731246617089749e-04
4.714776943207313201e-04
4.364326679264393617e-04
4.041358331762367898e-04
3.750101635897571946e-04
3.490255164945551733e-04
3.257843988515205739e-04
3.048107696841267943e-04
2.858212795411618789e-04
2.688172720865300894e-04
2.539825898793886434e-04
2.415106635215869685e-04
2.314812761966534270e-04
2.237864700357312996e-04
2.180879694434164403e-04
2.138449096675323349e-04
2.104089561388170556e-04
2.071577643675051583e-04
2.035978634934666666e-04
1.993943927701828959e-04
1.943485948489868302e-04
1.883608797825647718e-04
1.814134196849503998e-04
1.735745321687622521e-04
1.650164323775882486e-04
1.560165777476565517e-04
1.469308868012427676e-04
1.381403871287831611e-04
1.299882082808027234e-04
1.227228465057190858e-04
1.164609032120617489e-04
1.111782344418791164e-04
1.067328577582428456e-04
1.029123146271413363e-04
9.949533741000425558e-05
9.630134088874793259e-05
9.321387649501245093e-05
9.018590411087564808e-05
8.723750532985520903e-05
8.444753300260056503e-05
8.193724856440035692e-05
7.984712402643133337e-05
7.830963215140602195e-05
7.741881620143987314e-05
7.720557099545130998e-05
7.762340574136101297e-05
7.854366953048103430e-05
7.976549252348516419e-05
8.104018465925400309e-05
8.210099906825372117e-05
8.269361964470515092e-05
8.260895354307213104e-05
8.171043844302861632e-05
7.994988122383712287e-05
7.736874339235046659e-05
7.408779572461362541e-05
7.028921696827435150e-05
6.619309964259211844e-05
6.203071706855877430e-05
5.801809550590299674e-05
5.433226954242077348e-05
5.109426528337967073e-05
4.836159851593518390e-05
4.613074195965053206e-05
4.434738893300578392e-05
4.292343917558573858e-05
4.175988217180889400e-05
4.076790001884068914e-05
3.988297941519062091e-05
3.907460005146887985e-05
3.834949895347384896e-05
3.774701595439770450e-05
3.732738883415686563e-05
3.715563420822262658e-05
3.728386806242555882e-05
3.773707961754508178e-05
3.850390461905904397e-05
3.953147855491080518e-05
4.072670807707585056e-05
4.196577247465291044e-05
4.310910116152564555e-05
4.401963937791665262e-05
4.457974844435365428e-05
4.470535405213931781e-05
4.435578251055304310e-05
4.353798295626380179e-05
4.230454692533105381e-05
4.074555165099652722e-05
3.897502069785363342e-05
3.711622445588720089e-05
3.528696369642112603e-05
3.358679972234141577e-05
3.208799814961267930e-05
3.083077571609295771e-05
2.982425848066850064e-05
2.905131262476636243e-05
2.847695617607195429e-05
2.805871728588071721e-05
2.775553095801881463e-05
2.753511082989664135e-05
2.737931357390856202e-05
2.728593241831333654e-05
2.726647308899265268e-05
2.734086548309725768e-05
2.753062193938862333e-05
2.785147761129049785e-05
2.830682834850159395e-05
2.888303058971023984e-05
2.954768556798675937e-05
3.025132134774043892e-05
3.093217295378081498e-05
3.152314985822793488e-05
3.195949759577951195e-05
3.218693323844337831e-05
3.216858795826934582e-05
3.188933153911072577e-05
3.135726997665252280e-05
3.060230001259136505e-05
2.967191190852576016e-05
2.862511645276122652e-05
2.752548229027211617e-05
2.643379510688439801e-05
2.540143921591675908e-05
2.446608520637343328e-05
2.365012197129636679e-05
2.296115604421645744e-05
2.239424592633619646e-05
2.193574381460964244e-05
2.156813775589585007e-05
2.127411274633400078e-05
2.104004168970006095e-05
2.085829199953996078e-05
2.072766042368376469e-05
2.065205398353363124e-05
2.063799804781243062e-05
2.069153354623575250e-05
2.081501576676346763e-05
2.100439496999530594e-05
2.124756640811100090e-05
2.152416597692027666e-05
2.180673758907771001e-05
2.206352006863283454e-05
2.226204150382080112e-05
2.237276442987727281e-05
2.237258549689286654e-05
2.224759376297379170e-05
2.199468091392598509e-05
2.162170332347288187e-05
2.114629452580463792e-05
2.059366078433815664e-05
1.999366603697726906e-05
1.937733198365984590e-05
1.877345033514510845e-05
1.820594663320510787e-05
1.769230329740492452e-05
1.724310926702466896e-05
1.686194129858224533e-05
1.654626085897821757e-05
1.628980003475711044e-05
1.608471211309309287e-05
1.592352983389929170e-05
1.580060605518999247e-05
1.571265376949422746e-05
1.565874620427370345e-05
1.563969282985273738e-05
1.565689991826031682e-05
1.571095556455049113e-05
1.580022593755285110e-05
1.591980034794539308e-05
1.606100019656476379e-05
1.621159051365526525e-05
1.635667619037942995e-05
1.648005408345953440e-05
1.656595092666921315e-05
1.660096491233425164e-05
1.657565331620030214e-05
1.648537304379851776e-05
1.633084279556873425e-05
1.611808049186576376e-05
1.585760610548478240e-05
1.556310458705982417e-05
1.524982088684890557e-05
1.493291289116782609e-05
1.462596895629133345e-05
1.433993849202483077e-05
1.408245198771848115e-05
1.385758112278841067e-05
1.366624184305596513e-05
1.350697047289218664e-05
1.337674125645117879e-05
1.327199631568608612e-05
1.318952049037170949e-05
1.312698378975532746e-05
1.308316734746603899e-05
1.305782599486193882e-05
1.305124555977832785e-05
1.306362253838758700e-05
1.309439586524239126e-05
1.314166277707289044e-05
1.320181050238729453e-05
1.326944954984540455e-05
1.333767516633085459e-05
1.339873411455011911e-05
1.344465833262425337e-05
1.346809593774912424e-05
1.346329547637883424e-05
1.342677703881180555e-05
1.335762009819878813e-05
1.325749778350185751e-05
1.313048024460577236e-05
1.298256228907780242e-05
1.282095431315257892e-05
1.265326094148833750e-05
1.248668097145802875e-05
1.232737690687622064e-05
1.218005799830681732e-05
1.204776464237278210e-05
1.193180777750383679e-05
1.183208069103183501e-05
1.174750021988204232e-05
1.167648479087563558e-05
1.161738403936531870e-05
1.156885070538292974e-05
1.152998361010316627e-05
1.150035139616584430e-05
1.147986334515277711e-05
1.146853349222773108e-05
1.146623101938235701e-05
1.147237833520611649e-05
1.148562309710510580e-05
1.150374183768725512e-05
1.152381161536642390e-05
1.154230993028747772e-05
1.155539475835911929e-05
1.155934069568045242e-05
1.155095634789862844e-05
1.152796997292880838e-05
1.148929175216006211e-05
1.143511914085758314e-05
1.136689550648168981e-05
1.128712814587638754e-05
1.119908207089496191e-05
1.110639652276693578e-05
1.101269098596003333e-05
1.092122097807653473e-05
1.083461482391600142e-05
1.075471853651246428e-05
1.068254495708241390e-05
1.061831554974907784e-05
1.056164675771482203e-05
1.051178228501351599e-05
1.046787600409885463e-05
1.042918458117627084e-05
1.039513855387178176e-05
1.036538175684486390e-05
1.033976254956520653e-05
1.031826335888232820e-05
1.030087643835787078e-05
1.028745907963574278e-05
1.027756491536275919e-05
1.027036894960505753e-05
1.026467872691350414e-05
1.025898957350186589e-05
1.025160952525516778e-05
1.024082684516986582e-05
1.022509421742421806e-05
1.020320784220909629e-05
1.017445203043082510e-05
1.013868275831606562e-05
1.009633864417731724e-05
1.004838178750259918e-05
9.996179279093424358e-06
9.941342422419146576e-06
9.885546326864189773e-06
9.830355417326938088e-06
9.777078682904130082e-06
9.726672532982098569e-06
9.679700626737112836e-06
9.636350724723063057e-06
9.596502169947869755e-06
9.559832248170752124e-06
9.525899495857175427e-06
9.494260012181440479e-06
9.464564529463284200e-06
9.436587247114059342e-06
9.410225981251474166e-06
9.385478764024985580e-06
9.362392894323098372e-06
9.340993731656280528e-06
9.321211751124736366e-06
9.302828329357570574e-06
9.285452917989833876e-06
9.268534400534815464e-06
9.251403331219690241e-06
9.233338647502455155e-06
9.213649551762483005e-06
9.191760273891245544e-06
9.167284051348948928e-06
9.140074086976049801e-06
9.110243178270178275e-06
9.078149057409204084e-06
9.044348107453626035e-06
9.009525065341362392e-06
8.974409790370454243e-06
8.939693649487305972e-06
8.905957434109675850e-06
8.873620249244478400e-06
8.842915649101168750e-06
8.813894580481557544e-06
8.786450877817815464e-06
8.760372984392087586e-06
8.735397963136181469e-06
8.711262120662525190e-06
8.687736352801084374e-06
8.664666689176575874e-06
8.641986417497877259e-06
8.619703434376775708e-06
8.597876072184852981e-06
8.576580084086086011e-06
8.555872536152987713e-06
8.535760599829128774e-06
8.516181393618295551e-06
8.496996378963424078e-06
8.478001296258110014e-06
8.458949941389722635e-06
8.439587517683851185e-06
8.419687594782794535e-06
8.399086285996929709e-06
8.377707964653201256e-06
8.355578329073284173e-06
8.332822670273994344e-06
8.309649598492514669e-06
8.286322884147206042e-06
8.263125990134090578e-06
8.240324911642415152e-06
0.000000000000000000e+00
2.668676630055433208e-04
5.167749185421843805e-04
8.184610329102781634e-04
1.196215537175859822e-03
1.651615723200494656e-03
2.187064799593851916e-03
2.799677464745187194e-03
3.487226805831022958e-03
4.255165503846747299e-03
5.122703278874762844e-03
6.108649039986424611e-03
7.227985063156250334e-03
8.495556071628662664e-03
9.929211583110664208e-03
1.154675488324041766e-02
1.337688362099220818e-02
1.544849930989156128e-02
1.777617588828150907e-02
2.036597994278555035e-02
2.321821005135316085e-02
2.633108774694048471e-02
2.970481260191593087e-02
3.334903408779643641e-02
3.730149284033390522e-02
4.166592816802872079e-02
4.667230902900287859e-02
5.274133975906014626e-02
6.047367635391287521e-02
7.050025256230063597e-02
8.318086689456460903e-02
9.835584114460127481e-02
1.153835794780071478e-01
1.334670447406214322e-01
1.519215435047238660e-01
1.701086226083161623e-01
1.872785908512044628e-01
2.026527151411223748e-01
2.157960828206668680e-01
2.266881883573019785e-01
2.355786459440345482e-01
2.428512146939689753e-01
2.489175998543544654e-01
2.541385259585315914e-01
2.587714881430211999e-01
2.629821990447207547e-01
2.668761033644577729e-01
2.705301272346269936e-01
2.740115947860164436e-01
2.773715516333734588e-01
2.806529458888606943e-01
2.838820581199159587e-01
2.870795722294201546e-01
2.902614016392295326e-01
2.934374381728586112e-01
2.966090347079866074e-01
2.997674055249170966e-01
3.028952935693707271e-01
3.059629451014207469e-01
3.089377725558339893e-01
3.117944243158983220e-01
3.145148177026273473e-01
3.170896625477883646e-01
3.195209710275781489e-01
3.218182519460741631e-01
3.239906736957425260e-01
3.260462755805564328e-01
3.279922613926253838e-01
3.298356385662355450e-01
3.315845555640812847e-01
3.332459284030648838e-01
3.348269849916039043e-01
3.363368834390501050e-01
3.377817463789689612e-01
3.391651046354411392e-01
3.404900060867830369e-01
3.417577422810187393e-01
3.429671688047122302e-01
3.441196552183680701e-01
3.452172491107980967e-01
3.462644823888232359e-01
3.472684635777327777e-01
3.482385142512716136e-01
3.491868127843416048e-01
3.501237269284342979e-01
3.510581744687004679e-01
3.519961752259850307e-01
3.529430039399712449e-01
3.538997750293138012e-01
3.548657422279797302e-01
3.558362354625717039e-01
3.568041894793569924e-01
3.577615839179482116e-01
3.587011129357291495e-01
3.596166918821284142e-01
3.605033987783925475e-01
3.613579628905041474e-01
3.621801752652982209e-01
3.629728123001698670e-01
3.637392337374696361e-01
3.644833239697256033e-01
3.652084815207228274e-01
3.659173983362329352e-01
3.666120541257038568e-01
3.672931823195133560e-01
3.679603765127739123e-01
3.686126323182636888e-01
3.692490545199103025e-01
3.698697550513303511e-01
3.704740131608263987e-01
3.710618719019986855e-01
3.716348295894742471e-01
3.721957884558846352e-01
3.727487370447670756e-01
3.732982209488664438e-01
3.738487694900740621e-01
3.744046165677472615e-01
3.749694667531979775e-01
3.755450986445341144e-01
3.761316124732174693e-01
3.767274101238395900e-01
3.773291404139333949e-01
3.779325700131828114e-01
3.785328328517572061e-01
3.791247065853058373e-01
3.797033934478730721e-01
3.802650323835932156e-01
3.808070656251767439e-01
3.813287285476048005e-01
3.818306598466119084e-01
3.823149610378786534e-01
3.827846180950493782e-01
3.832427734706089772e-01
3.836922472634576309e-01
3.841349877430211279e-01
3.845722848989492348e-01
3.850045036921452279e-01
3.854313235614061917e-01
3.858522343618768780e-01
3.862668360799759171e-01
3.866753719520934496e-01
3.870782266783225900e-01
3.874766149548625194e-01
3.878719701626556216e-01
3.882668967174200958e-01
3.886639551571757778e-01
3.890655573335362050e-01
3.894737515686483853e-01
3.898900589615981183e-01
3.903152244720242692e-01
3.907490610356392224e-01
3.911904230504945623e-01
3.916375774426277268e-01
3.920880063108125313e-01
3.925389427204821757e-01
3.929873627828239790e-01
3.934304766175795720e-01
3.938665188304346643e-01
3.942944794361418204e-01
3.947138307241155886e-01
3.951246947417588196e-01
3.955279896151249197e-01
3.959252579680421213e-01
3.963178193690408690e-01
3.967067027405848378e-01
3.970927504006511732e-01
3.974765180901478345e-01
3.978582749871266699e-01
3.982378877002084039e-01
3.986150233097252027e-01
3.989895806627616892e-01
3.993617422388586746e-01
3.997315995652592768e-01
4.000995192936911415e-01
4.004661982156485500e-01
4.008326689115575547e-01
4.012003508105479455e-01
4.015705293036830881e-01
4.019442415420106940e-01
4.023222363861980178e-01
4.027048780747963797e-01
4.030920316542676574e-01
4.034829887836921536e-01
4.038766349936575573e-01
4.042715890049710659e-01
4.046664639252774975e-01
4.050599170313837760e-01
4.054508030160017817e-01
4.058379306292403399e-01
4.062205699874747999e-01
4.065984094652770331e-01
4.069714785589702011e-01
4.073401948949291196e-01
4.077049393213205697e-01
4.080661844163984142e-01
4.084244027580221648e-01
4.087799857241511958e-01
4.091331944359803963e-01
4.094841491325715843e-01
4.098328539458386821e-01
4.101792484204396239e-01
4.105232742819904246e-01
4.108649440208549386e-01
4.112044123786304795e-01
4.115422199876226372e-01
4.118789081803488905e-01
4.122150507236121975e-01
4.125512798127353165e-01
4.128882794201937934e-01
4.132266500457859593e-01
4.135667538205751725e-01
4.139086867779697698e-01
4.142522685452894038e-01
4.145971042886982261e-01
4.149426396488351543e-01
4.152881390174640863e-01
4.156327942631308225e-01
4.159758810407767626e-01
4.163167881655165381e-01
4.166551403293681233e-01
4.169906488409820255e-01
4.173232825412869218e-01
4.176531260174942695e-01
4.179802926072628821e-01
4.183050511067425425e-01
4.186277833433345030e-01
4.189486918494091938e-01
4.192679255494500268e-01
4.195855776021208960e-01
4.199016879377537315e-01
4.202163038741839607e-01
4.205294484448569570e-01
4.208411440544828075e-01
4.211514581620217079e-01
4.214605249019167665e-01
4.217685540721758386e-01
4.220758402075639459e-01
4.223828408143299740e-01
4.226899826587171560e-01
4.229977075509663287e-01
4.233062839247998532e-01
4.236158089620620792e-01
4.239262648742712081e-01
4.242375127940398727e-01
4.245493018274135721e-01
4.248612922120869051e-01
4.251730887652094282e-01
4.254842797421294343e-01
4.257945191892966719e-01
4.261036729530185418e-01
4.264115713415068676e-01
4.267180548888234171e-01
4.270230482320780396e-01
4.273265741082665770e-01
4.276287745075944002e-01
4.279297324907931355e-01
4.282295314744080095e-01
4.285282477827712100e-01
4.288259386501489523e-01
4.291226376833185974e-01
4.294183582506967412e-01
4.297131029801968261e-01
4.300068769240295019e-01
4.302997016621081805e-01
4.305916273409033934e-01
4.308827535939125930e-01
4.311733747490942292e-01
4.314637574487676375e-01
4.317540765916216827e-01
4.320445067270730632e-01
4.323351478756443100e-01
4.326260561744779132e-01
4.329172342219034242e-01
4.332086266097210370e-01
4.335001214940614744e-01
4.337915587496747882e-01
4.340827442437760197e-01
4.343734681526352226e-01
4.346635555578877153e-01
4.349528650176504030e-01
4.352412531855325284e-01
4.355286470919117470e-01
4.358150559471720698e-01
4.361004696426222793e-01
4.363849459610120718e-01
4.366685707453150656e-01
4.369514363954927205e-01
4.372335847247379448e-01
4.375150300259660341e-01
4.377957771648803842e-01
4.380758213932964829e-01
4.383551601146482568e-01
4.386338404561116455e-01
4.389119096824289912e-01
4.391893901034595871e-01
4.394663512444978437e-01
4.397428720445510919e-01
4.400190758141926395e-01
4.402950520125901157e-01
4.405708695860419688e-01
4.408465832046370991e-01
4.411222300638621974e-01
4.413978237464379895e-01
4.416733508305856759e-01
4.419487704057156741e-01
4.422240165393969136e-01
4.424990037145395405e-01
4.427736346846193882e-01
4.430478209979713533e-01
4.433215875082860968e-01
4.435949049404106503e-01
4.438677186230775007e-01
4.441399922071322948e-01
4.444117099615421118e-01
4.446828901080106533e-01
4.449535986131474274e-01
4.452238937513048889e-01
4.454937784604067197e-01
4.457632515756784208e-01
4.460323076037848722e-01
4.463009363743029034e-01
4.465691242117157955e-01
4.468368565921476687e-01
4.471041316090524909e-01
4.473709860565358021e-01
4.476374357256611702e-01
4.479034979988818499e-01
4.481691989297407197e-01
4.484345720099969235e-01
4.486996556084097421e-01
4.489644895747200160e-01
4.492291113065527419e-01
4.494935518299749688e-01
4.497578325931810284e-01
4.500219634886986064e-01
4.502859423335086042e-01
4.505497558084115006e-01
4.508133816699273488e-01
4.510767918733007420e-01
4.513399561181095088e-01
4.516028452889773170e-01
4.518654343176593535e-01
4.521277041174283085e-01
4.523896424081801371e-01
4.526512435647647159e-01
4.529125353907463847e-01
4.531735381940680263e-01
4.534342496231626995e-01
4.536946658172524849e-01
4.539547805849317719e-01
4.542145852980321585e-01
4.544740692888433742e-01
4.547332209000587433e-01
4.549920291349547341e-01
4.552504855753491952e-01
4.555085861445116180e-01
4.557663323805432043e-01
4.560237320293021313e-01
4.562807988811505844e-01
4.565375518641836550e-01
4.567940134991701484e-01
4.570502079209948221e-01
4.573061587471984879e-01
4.575618870972055774e-01
4.578174100295693272e-01
4.580727395827515203e-01
4.583278824986281030e-01
4.585828405976877242e-01
4.588376116788110970e-01
4.590921907482354847e-01
4.593465713498448011e-01
4.596007467746874298e-01
4.598547109835533497e-01
4.601084687706942233e-01
4.603620242284605091e-01
4.606153735246740766e-01
4.608685147128230852e-01
4.611214561193626160e-01
4.613741923234284670e-01
4.616267133166598313e-01
4.618790070926634961e-01
4.621310601092654124e-01
4.623828581546396421e-01
4.626343874501444020e-01
4.628856358762813983e-01
4.631365941573761802e-01
4.633872568316124152e-01
4.636376228735810123e-01
4.638876958915321147e-01
4.641374838786433976e-01
4.643869985575461712e-01
4.646362544122166760e-01
4.648852675386274669e-01
4.651340544595226056e-01
4.653826310413506917e-01
4.656310116257484921e-01
4.658792084470637640e-01
4.661272313575643977e-01
4.663750878323207338e-01
4.666227831858869024e-01
4.668703215357350444e-01
0.000000000000000000e+00
1.625697882618167358e-04
3.107737657423354535e-04
4.924490421625243950e-04
7.211690525364901523e-04
9.978358323015734492e-04
1.322894188755306981e-03
1.694685910851760798e-03
2.113829967563415901e-03
2.586010166673744382e-03
3.124421606869009962e-03
3.741096851078867282e-03
4.446386101092632617e-03
5.253111032421093132e-03
6.178568147626220010e-03
7.241386499342410132e-03
8.467366757336213315e-03
9.884487261752524997e-03
1.151666722927850370e-02
1.338883676515669960e-02
1.552867057901935986e-02
1.796777103651049992e-02
2.074241783174421427e-02
2.389463638058156661e-02
2.747501386107941562e-02
3.154817683429328445e-02
3.620148968377572690e-02
4.155355290754911279e-02
4.773951753661107716e-02
5.487026811673153398e-02
6.296019935524965749e-02
7.186587580763822980e-02
8.128635327833999558e-02
9.086446917895699138e-02
1.003010713562709766e-01
1.093632680070176777e-01
1.178218666112429841e-01
1.254152804609975358e-01
1.319866528741855671e-01
1.375323118925888266e-01
1.421587986086737532e-01
1.460332673948067650e-01
1.493376022739676956e-01
1.522336073360474051e-01
1.548383964850108541e-01
1.572295962737493835e-01
1.594582344567888332e-01
1.615624439311196536e-01
1.635763228039066042e-01
1.655256703089968695e-01
1.674330101612870325e-01
1.693120168305900508e-01
1.711732512099196912e-01
1.730242453235583955e-01
1.748690270891827547e-01
1.767072784486380665e-01
1.785338814523802220e-01
1.803399370739268981e-01
1.821099379372150551e-01
1.838268351150908753e-01
1.854774045254388160e-01
1.870519224999140084e-01
1.885450303507440195e-01
1.899573678298490942e-01
1.912935567097119038e-01
1.925579154179881403e-01
1.937543802206117549e-01
1.948869200851862937e-01
1.959598552092934320e-01
1.969783749931569294e-01
1.979468338694571339e-01
1.988695024782398957e-01
1.997515787434396284e-01
2.005964129497541104e-01
2.014059319166557616e-01
2.021819448346571235e-01
2.029253270951406618e-01
2.036355144528227690e-01
2.043133668447190410e-01
2.049600351092804029e-01
2.055780074477179253e-01
2.061711806406559544e-01
2.067447007686780414e-01
2.073054243547650666e-01
2.078592100917080743e-01
2.084111504737566900e-01
2.089646993041814338e-01
2.095229271471665822e-01
2.100864846413431630e-01
2.106549695405451617e-01
2.112257131369743857e-01
2.117946880371713581e-01
2.123573467088168132e-01
2.129095804613247989e-01
2.134479826862477614e-01
2.139697804729015496e-01
2.144731023843005902e-01
2.149578101172625599e-01
2.154254667454434669e-01
2.158779396422443597e-01
2.163174022443118683e-01
2.167457638465293268e-01
2.171645525649648356e-01
2.175749151075456467e-01
2.179772985544505826e-01
2.183715085596986405e-01
2.187570211395313546e-01
2.191333884827351974e-01
2.195007556025972417e-01
2.198587506550989668e-01
2.202074175159499381e-01
2.205476175937076677e-01
2.208809965336452352e-01
2.212098016707753356e-01
2.215365824802159322e-01
2.218638680695022292e-01
2.221940196390681244e-01
2.225291111561475965e-01
2.228701168874838989e-01
2.232170677089115041e-01
2.235690400131993827e-01
2.239241171048035328e-01
2.242798953197634448e-01
2.246336180670122085e-01
2.249823240015211001e-01
2.253232946462352393e-01
2.256543441660838478e-01
2.259740267729084540e-01
2.262819229186014414e-01
2.265784094667517568e-01
2.268647010849443313e-01
2.271425171642452168e-01
2.274136634657215328e-01
2.276797605364170307e-01
2.279419260626560084e-01
2.282009073235796714e-01
2.284569248581874990e-01
2.287098118098073174e-01
2.289593012357180324e-01
2.292051943726493013e-01
2.294476664616037220e-01
2.296869605829555405e-01
2.299237907079242638e-01
2.301589759363477927e-01
2.303940063075322620e-01
2.306303275954706411e-01
2.308692880094115885e-01
2.311120215588980120e-01
2.313593609570834264e-01
2.316116983261148621e-01
2.318688985425436944e-01
2.321302860111270627e-01
2.323948636536325996e-01
2.326611909727264726e-01
2.329276939205215113e-01
2.331926514772411640e-01
2.334544782217893022e-01
2.337121857678496895e-01
2.339652177395759314e-01
2.342132848929411593e-01
2.344564650569079534e-01
2.346952928159090068e-01
2.349306626969282774e-01
2.351633324379117096e-01
2.353938881629161484e-01
2.356228104868401951e-01
2.358504183816862165e-01
2.360768702491417292e-01
2.363020937709666147e-01
2.365259032413881413e-01
2.367482514073771804e-01
2.369692558753743183e-01
2.371889729659623913e-01
2.374076121289716290e-01
2.376255675675873480e-01
2.378434225881631003e-01
2.380619827316277914e-01
2.382819708504946010e-01
2.385039638954351005e-01
2.387283739792650239e-01
2.389553953397942077e-01
2.391849389280430171e-01
2.394165892746268065e-01
2.396497028715955102e-01
2.398834883438716870e-01
2.401171578213867619e-01
2.403499523452037046e-01
2.405812284376727950e-01
2.408103097839825180e-01
2.410367856743633186e-01
2.412604844965164086e-01
2.414814282646258747e-01
2.416998618364192275e-01
2.419160030823618857e-01
2.421301220062908321e-01
2.423424887286648177e-01
2.425533273798620992e-01
2.427627883619160321e-01
2.429709423021734205e-01
2.431777939703639313e-01
2.433833113682939697e-01
2.435874635043625003e-01
2.437902591869191560e-01
2.439917878257483463e-01
2.441923630113489729e-01
2.443922938491641939e-01
2.445919044809483633e-01
2.447915511614347506e-01
2.449916204445198864e-01
2.451924510984677119e-01
2.453942442781062994e-01
2.455970487090407273e-01
2.458007555267557598e-01
2.460051351264672670e-01
2.462098690534090528e-01
2.464145358057956148e-01
2.466186736152756742e-01
2.468218711132933729e-01
2.470237827493399763e-01
2.472242000381755789e-01
2.474229620637937721e-01
2.476200566213477006e-01
2.478155360210383684e-01
2.480094660031519349e-01
2.482020023331917014e-01
2.483933669045837178e-01
2.485836754550309058e-01
2.487730129950729008e-01
2.489614328481311867e-01
2.491489581561313338e-01
2.493356174743792952e-01
2.495214253036575625e-01
2.497063952862539349e-01
2.498905664780981806e-01
2.500740155513352381e-01
2.502568618358558816e-01
2.504392728281935043e-01
2.506215111421821740e-01
2.508038203766382312e-01
2.509864533114696816e-01
2.511695612643978781e-01
2.513531962935486863e-01
2.515373450896277729e-01
2.517219256850717901e-01
2.519067927879347080e-01
2.520917510493340119e-01
2.522765741156673402e-01
2.524610267323342261e-01
2.526449126288169977e-01
2.528281602702575626e-01
2.530106754702674543e-01
2.531923681405371385e-01
2.533731959819548463e-01
2.535531730284866225e-01
2.537323826585368702e-01
2.539108723591435579e-01
2.540886895127351108e-01
2.542658774970719682e-01
2.544424688884291408e-01
2.546184829034795483e-01
2.547939273286212725e-01
2.549688038926602451e-01
2.551431157098039693e-01
2.553168752511356110e-01
2.554901111410247116e-01
2.556628803513114057e-01
2.558353543174424205e-01
2.560076871491365202e-01
2.561799780185647357e-01
2.563523257632039365e-01
2.565247853660058697e-01
2.566973867222388517e-01
2.568701293088362925e-01
2.570429797043554676e-01
2.572158725413488667e-01
2.573887152278669377e-01
2.575613961362734905e-01
2.577337950502888719e-01
2.579058126978913124e-01
2.580773694288228670e-01
2.582483838479645022e-01
2.584188154544874716e-01
2.585886715171299977e-01
2.587579468159337259e-01
2.589266755717395951e-01
2.590949080749639921e-01
2.592626982107520406e-01
2.594300698088563006e-01
2.595970305503046416e-01
2.597635827873622794e-01
2.599297234468591622e-01
2.600954509343528231e-01
2.602607932200702301e-01
2.604257782699154755e-01
2.605904189782640157e-01
2.607547557940753657e-01
2.609188342348714440e-01
2.610827257300730730e-01
2.612464812683608639e-01
2.614101394779599907e-01
2.615737305858079620e-01
2.617372747675040245e-01
2.619007787341749993e-01
2.620642338756756784e-01
2.622276160357401853e-01
2.623908869511648589e-01
2.625539973698678420e-01
2.627168915299332164e-01
2.628795191097268447e-01
2.630418970031967452e-01
2.632040097721504712e-01
2.633658265380228181e-01
2.635273268291145610e-01
2.636885019127019336e-01
2.638493627316436108e-01
2.640099481982378649e-01
2.641702924395913366e-01
2.643303966968261753e-01
2.644902598378072178e-01
2.646498782653035065e-01
2.648092457335893823e-01
2.649683540386175151e-01
2.651271945525304763e-01
2.652857661395243150e-01
2.654440905459196642e-01
2.656021768761633317e-01
2.657600349542675322e-01
2.659176795310261299e-01
2.660751295852902265e-01
2.662324068784506226e-01
2.663895340388741650e-01
2.665465323375736939e-01
2.667034194689521520e-01
2.668602077341972745e-01
2.670169029173751207e-01
2.671735039834827186e-01
2.673300036006994729e-01
2.674863893824673822e-01
2.676426456450645142e-01
2.677987554042745022e-01
2.679547023133310724e-01
2.681104722751893044e-01
2.682660545326130963e-01
2.684214421339011780e-01
2.685766318528952090e-01
2.687316401146545020e-01
2.688864787769866815e-01
2.690411461827068029e-01
2.691956397777259258e-01
2.693499556812755102e-01
2.695040886400432156e-01
2.696580322639428595e-01
2.698117796351939823e-01
2.699653242571900535e-01
2.701186611502298107e-01
2.702717878542210683e-01
2.704247051520479173e-01
2.705774174078258709e-01
2.707299324767774573e-01
2.708822611922813706e-01
2.710344164887254492e-01
2.711864122761569185e-01
2.713382622259162824e-01
2.714899786392843684e-01
2.716415715504889583e-01
2.717930481692193978e-01
2.719444127078762818e-01
2.720956665767251259e-01
2.722468088760533478e-01
2.723978370759647105e-01
2.725487477560690763e-01
2.726995372803542872e-01
2.728502023142510002e-01
2.730007458409002830e-01
2.731511703186387252e-01
2.733014734107346855e-01
2.734516538367440242e-01
2.736017163809827402e-01
2.737516576706400806e-01
2.739014716315361087e-01
2.740511510485789670e-01
2.742006878472283971e-01
2.743500735998868900e-01
2.744993001659026821e-01
2.746483603993782885e-01
2.747972488306498207e-01
2.749459622233202949e-01
2.750944999316761175e-01
2.752428640143964600e-01
2.753910590928684843e-01
2.755390919763847091e-01
2.756869711075236040e-01
2.758347059021379888e-01
2.759823060664054473e-01
2.761297809694715499e-01
2.762771391358868067e-01
2.764243878989776082e-01
2.765715332281511452e-01
2.767185797150820137e-01
2.768655306812338179e-01
2.770123887274432151e-01
0.000000000000000000e+00
1.457664240123925280e-08
6.204141793095241562e-08
1.246639306729034291e-07
1.964811979091923518e-07
2.957891048482007502e-07
4.383635142925754545e-07
6.286346632909952697e-07
8.795662887420034180e-07
1.207004032277792141e-06
1.630470828330407807e-06
2.174914624559732742e-06
2.884192170256827196e-06
3.828059242062022285e-06
5.113671981252096232e-06
6.891913357187759350e-06
9.388645282304282111e-06
1.291233345348317315e-05
1.784305735210825990e-05
2.467835765321018564e-05
3.406715279267082678e-05
4.681344466291777477e-05
6.380929530777892044e-05
8.584098098412810854e-05
1.132003030496944024e-04
1.451157366303371544e-04
1.792963689016509657e-04
2.123487646955835549e-04
2.403859121977319790e-04
2.597832240843012206e-04
2.678144895568771952e-04
2.631310395344590384e-04
2.458879778299336949e-04
2.186432741864341640e-04
1.851660833032978354e-04
1.488806500242427359e-04
1.123292707181106499e-04
7.810570500146630244e-05
4.814070239051357992e-05
2.343144234894840470e-05
4.063434352415719557e-06
-1.056343363486478865e-05
-2.146709230565829472e-05
-2.953830374219194527e-05
-3.567496281337286337e-05
-4.055047664919462472e-05
-4.463324772961017932e-05
-4.825068988891177262e-05
-5.159514071122398688e-05
-5.475213086350952282e-05
-5.776782831253273083e-05
-6.069176002334409703e-05
-6.358501347688925033e-05
-6.650675307469134127e-05
-6.949569182525853703e-05
-7.257027954628875069e-05
-7.573165731406713273e-05
-7.896025101067301105e-05
-8.221345017596691865e-05
-8.543345293873088068e-05
-8.856547453793272857e-05
-9.157270433329094681e-05
-9.444051317966909874e-05
-9.717334054946380451e-05
-9.977904431180561638e-05
-1.022524947668343779e-04
-1.045805666594425864e-04
-1.067533989086200162e-04
-1.087726198088667011e-04
-1.106533585752474965e-04
-1.124140518041669384e-04
-1.140750021184465802e-04
-1.156580694814722483e-04
-1.171789989921548364e-04
-1.186442362213094108e-04
-1.200515020408228202e-04
-1.213926898829570145e-04
-1.226612475230424374e-04
-1.238597993615820345e-04
-1.249954492412647447e-04
-1.260790653581029327e-04
-1.271242497795275442e-04
-1.281447790694035919e-04
-1.291537088180769210e-04
-1.301602492559381422e-04
-1.311720532199276616e-04
-1.321949306329965569e-04
-1.332334409961624558e-04
-1.342885206102767165e-04
-1.353584082198276521e-04
-1.364361047358178438e-04
-1.375111290755416421e-04
-1.385714738183337828e-04
-1.396063483036252178e-04
-1.406082242379020025e-04
-1.415702246942713422e-04
-1.424882849497254044e-04
-1.433621756627634022e-04
-1.441952382305874492e-04
-1.449916213228840875e-04
-1.457568956590047586e-04
-1.464963961172140367e-04
-1.472147214513505956e-04
-1.479154402116738447e-04
-1.486002987491753346e-04
-1.492692945773833164e-04
-1.499214863986524646e-04
-1.505559152221694786e-04
-1.511721307161512096e-04
-1.517698171638100105e-04
-1.523509724177031261e-04
-1.529202641460719245e-04
-1.534836067354118790e-04
-1.540477323144723385e-04
-1.546200282660560067e-04
-1.552070756993007841e-04
-1.558140001018522519e-04
-1.564440396737286527e-04
-1.570969633970466424e-04
-1.577696268280943265e-04
-1.584563023104835740e-04
-1.591491174225149389e-04
-1.598394019585830893e-04
-1.605184739275924662e-04
-1.611783903112512495e-04
-1.618129688139787771e-04
-1.624183484667752672e-04
-1.629931984889808967e-04
-1.635388504049779010e-04
-1.640585056013562130e-04
-1.645569180812018833e-04
-1.650393386045842482e-04
-1.655108096024067682e-04
-1.659753510418083156e-04
-1.664354859391645191e-04
-1.668925226728317467e-04
-1.673465476479619118e-04
-1.677969142392160204e-04
-1.682430269506133126e-04
-1.686846770950223024e-04
-1.691225696687896098e-04
-1.695576588445024766e-04
-1.699916697088313389e-04
-1.704268747270825128e-04
-1.708666069556095111e-04
-1.713136993646605891e-04
-1.717703565338239658e-04
-1.722378578873025627e-04
-1.727164243566856191e-04
-1.732050854454469479e-04
-1.737017074240286270e-04
-1.742031984893723168e-04
-1.747062498282757738e-04
-1.752072018921264755e-04
-1.757026657966541568e-04
-1.761895484817728474e-04
-1.766655027895111193e-04
-1.771294884604826645e-04
-1.775815822938747453e-04
-1.780224892487026513e-04
-1.784534199401237927e-04
-1.788761633751133914e-04
-1.792927968644411629e-04
-1.797048495374107006e-04
-1.801133825373650403e-04
-1.805192262998209479e-04
-1.809229982190902592e-04
-1.813251963981568279e-04
-1.817261241007100969e-04
-1.821261000296266555e-04
-1.825258086801495149e-04
-1.829262472761465023e-04
-1.833282941116489524e-04
-1.837329349890145245e-04
-1.841412059336383037e-04
-1.845541362286758503e-04
-1.849728063552890354e-04
-1.853977141690382388e-04
-1.858287750313714071e-04
-1.862654495647864323e-04
-1.867067910152541636e-04
-1.871514665414272197e-04
-1.875977904146061486e-04
-1.880439916847564095e-04
-1.884884018880734948e-04
-1.889296784679475746e-04
-1.893668720766540029e-04
-1.897995109546602994e-04
-1.902269644761989023e-04
-1.906490097464691317e-04
-1.910657581753326026e-04
-1.914775832570170212e-04
-1.918851274730874344e-04
-1.922888764342316529e-04
-1.926893685236949700e-04
-1.930871581419226965e-04
-1.934827781649642981e-04
-1.938767175784641766e-04
-1.942694154642118952e-04
-1.946612639387374822e-04
-1.950526132160573616e-04
-1.954437758323328451e-04
-1.958350290346580307e-04
-1.962266346037711180e-04
-1.966191127626934520e-04
-1.970127058686896337e-04
-1.974074584938757620e-04
-1.978033264272123309e-04
-1.982002464352904613e-04
-1.985980853067714107e-04
-1.989965588048979472e-04
-1.993952630365678120e-04
-1.997937121250040421e-04
-2.001914249641619588e-04
-2.005879701558623658e-04
-2.009828937540304413e-04
-2.013757792343123863e-04
-2.017663653491854811e-04
-2.021545015894400026e-04
-2.025402297229895142e-04
-2.029235503915175268e-04
-2.033046249533305581e-04
-2.036836237162913642e-04
-2.040606642511697964e-04
-2.044360027394243615e-04
-2.048100178680660076e-04
-2.051829146049920986e-04
-2.055548860440516504e-04
-2.059261118392047740e-04
-2.062967465739573504e-04
-2.066669643900961720e-04
-2.070368805826338710e-04
-2.074065412996894107e-04
-2.077759502173584874e-04
-2.081450803726975316e-04
-2.085138888139761277e-04
-2.088823502500705882e-04
-2.092505814814817706e-04
-2.096186560666255709e-04
-2.099867174937317506e-04
-2.103547997139552396e-04
-2.107228536928456284e-04
-2.110908327718822013e-04
-2.114586812197948279e-04
-2.118263254945518855e-04
-2.121936693407241016e-04
-2.125605932778383534e-04
-2.129269589749834077e-04
-2.132926662731207581e-04
-2.136578152877357509e-04
-2.140223828622252319e-04
-2.143862703293508134e-04
-2.147494095377200612e-04
-2.151117993929037948e-04
-2.154735557229225560e-04
-2.158347163118184075e-04
-2.161953307535963316e-04
-2.165554619817705226e-04
-2.169151730864391490e-04
-2.172745141485732921e-04
-2.176335130361930451e-04
-2.179921708849994247e-04
-2.183504628584809215e-04
-2.187083442928524409e-04
-2.190657610376168813e-04
-2.194226792013493927e-04
-2.197792780897921041e-04
-2.201356804169305815e-04
-2.204919105381173577e-04
-2.208480255214977539e-04
-2.212040437933848443e-04
-2.215599914935671504e-04
-2.219158947116432799e-04
-2.222717696332189856e-04
-2.226276132068755577e-04
-2.229833962003413908e-04
-2.233390608531830314e-04
-2.236945239607849732e-04
-2.240497255744775711e-04
-2.244046139866822851e-04
-2.247590907147432198e-04
-2.251131045869932384e-04
-2.254666720731707827e-04
-2.258197574146640152e-04
-2.261723937147925819e-04
-2.265246439937622087e-04
-2.268765845820450036e-04
-2.272282386352070271e-04
-2.275796073287694125e-04
-2.279306887254452132e-04
-2.282814716445111713e-04
-2.286319445037252312e-04
-2.289821475227890937e-04
-2.293321030372247272e-04
-2.296817880978251438e-04
-2.300312231990571984e-04
-2.303804299870583288e-04
-2.307294857448707783e-04
-2.310784292557709963e-04
-2.314272860738608674e-04
-2.317760847075996296e-04
-2.321248571225320231e-04
-2.324736319946932815e-04
-2.328224283790140525e-04
-2.331712503493757591e-04
-2.335200832656883442e-04
-2.338688927630417746e-04
-2.342176268611315766e-04
-2.345662353319429147e-04
-2.349147996728066724e-04
-2.352633143014496266e-04
-2.356117241871856873e-04
-2.359599850206695992e-04
-2.363080683477799247e-04
-2.366559835573376833e-04
-2.370038005196340954e-04
-2.373515808700912149e-04
-2.376993175732114232e-04
-2.380470024801949159e-04
-2.383946259460865296e-04
-2.387421747178612578e-04
-2.390896307740431330e-04
-2.394369717957019227e-04
-2.397841859378246193e-04
-2.401313059696158091e-04
-2.404783303754248498e-04
-2.408252540000071021e-04
-2.411720797493965948e-04
-2.415188202036179965e-04
-2.418654972452402791e-04
-2.422121402757702251e-04
-2.425587831121774312e-04
-2.429054600036449228e-04
-2.432522015605913593e-04
-2.435990312378553979e-04
-2.439459628440762207e-04
-2.442929994215469977e-04
-2.446401336531263426e-04
-2.449873496908493609e-04
-2.453346260499327533e-04
-2.456819390507204649e-04
-2.460292662400969570e-04
-2.463765892788555029e-04
-2.467238958939176074e-04
-2.470711808533020810e-04
-2.474184834660344136e-04
-2.477658335654200818e-04
-2.481132307978487698e-04
-2.484606741497757064e-04
-2.488081607074932593e-04
-2.491556847298629068e-04
-2.495032372003394886e-04
-2.498508059748449439e-04
-2.501983768058900709e-04
-2.505459350809684607e-04
-2.508934678133517213e-04
-2.512409654493388692e-04
-2.515884232115610285e-04
-2.519358418055796223e-04
-2.522832274124203939e-04
-2.526305909562576689e-04
-2.529779467980263060e-04
-2.533253110590392488e-04
-2.536726998894374549e-04
-2.540201279473545178e-04
-2.543676073102943110e-04
-2.547151469603741304e-04
-2.550627528444695635e-04
-2.554104284406129256e-04
-2.557581756765510243e-04
-2.561059959837315935e-04
-2.564538912836794213e-04
-2.568018647246671660e-04
-2.571499340322165616e-04
-2.574981158463381038e-04
-2.578464157571861088e-04
-2.581948416798248509e-04
-2.585434153389949891e-04
-2.588921391429797859e-04
-2.592410081939132741e-04
-2.595900137320067695e-04
-2.599391431670730786e-04
-2.602883805744108650e-04
-2.606377077371770557e-04
-2.609871054948764116e-04
-2.613365551692095742e-04
-2.616860398990817748e-04
-2.620355457684227858e-04
-2.623850626249864303e-04
-2.627345845119422475e-04
-2.630841097255314127e-04
-2.634336405141348781e-04
-2.637831825597833357e-04
-2.641327443202968420e-04
-2.644823363496475897e-04
-2.648319706807493608e-04
-2.651816603391137059e-04
-2.655314189960834913e-04
-2.658812607537633464e-04
-2.662312000037827609e-04
-2.665812521867806824e-04
0.000000000000000000e+00
-1.070750586103294276e-06
-7.728868788106241317e-06
-5.437352979790510889e-06
2.322752448203402154e-06
1.468870691675497208e-05
3.404119153548888684e-05
6.075849253882819418e-05
9.414274412175887478e-05
1.352172539247293909e-04
1.871018709228256481e-04
2.525779732551975483e-04
3.324145049273186580e-04
4.268006980272974959e-04
5.378977073856321296e-04
6.697596740187537019e-04
8.275112811690627087e-04
1.016339320630513243e-03
1.241181424316056305e-03
1.507039610984708304e-03
1.818812602177319456e-03
2.180064376945733528e-03
2.591222389237966741e-03
3.047437912570743861e-03
3.535952976770820235e-03
4.033971457050430399e-03
4.510106705828767666e-03
4.927339297859071807e-03
5.265785070796986586e-03
5.532323958298871261e-03
5.755255557701163815e-03
5.974889360516024740e-03
6.216684657334574024e-03
6.478635183217155806e-03
6.732219852360781139e-03
6.946725702873810318e-03
7.104167259397655906e-03
7.211457098391771403e-03
7.290658224571994889e-03
7.375985924423914854e-03
7.496249776741441967e-03
7.665259666022945784e-03
7.874976581603630385e-03
8.102121850212307130e-03
8.318766478368194023e-03
8.502379920829559318e-03
8.642581210220511012e-03
8.740986423893520180e-03
8.802956828830227343e-03
8.833886747733081177e-03
8.837535303490542254e-03
8.815398196803464481e-03
8.770751799899974624e-03
8.708506562879058874e-03
8.635077753621255361e-03
8.557526960657783552e-03
8.482015004286119070e-03
8.412276098715060213e-03
8.347487530505756301e-03
8.284834500839537846e-03
8.223235308946202568e-03
8.164918751048943699e-03
8.114032895402526618e-03
8.074107177733345908e-03
8.047827733075049034e-03
8.035805371011527087e-03
8.037048032834467545e-03
8.050062632941600363e-03
8.073394329363941732e-03
8.104959736205322521e-03
8.142255877480802581e-03
8.183031509699000353e-03
8.225743389582405168e-03
8.269348212123580136e-03
8.312623862172173819e-03
8.353755027504529071e-03
8.390336638902448282e-03
8.420524061516814623e-03
8.442945439946369576e-03
8.456150475066342986e-03
8.458999565155257694e-03
8.450963687673996444e-03
8.432222678640277289e-03
8.403322489663658107e-03
8.365695312295815325e-03
8.321323725475209682e-03
8.272208486538938990e-03
8.220224335298864995e-03
8.167455756114903875e-03
8.116141933093319952e-03
8.068316886026230539e-03
8.025965951698228393e-03
7.991113616382538101e-03
7.965600198656970846e-03
7.951005992998465277e-03
7.948532410750049765e-03
7.958906920120394773e-03
7.982244045177538244e-03
8.018010434518132307e-03
8.065010930480096679e-03
8.121677185730431792e-03
8.186050880487913753e-03
8.255912126199849849e-03
8.328942610234455618e-03
8.402818622393729703e-03
8.475339440330667898e-03
8.544495395296289666e-03
8.608670428590405044e-03
8.666587161169875958e-03
8.717088609959703846e-03
8.759218286217706692e-03
8.792278057329440399e-03
8.815883002542891297e-03
8.829982738522113364e-03
8.834930513764495744e-03
8.831467625300588181e-03
8.820677056008996778e-03
8.803928616149730990e-03
8.782814488018042542e-03
8.759062606680348070e-03
8.734446212929229680e-03
8.710664163937618595e-03
8.689278368841740069e-03
8.671680186634216081e-03
8.659044842597217115e-03
8.652281187741093019e-03
8.652003035364385156e-03
8.658506761135413218e-03
8.671739651039525598e-03
8.691305291785848819e-03
8.716467859086753436e-03
8.746256335785131467e-03
8.779599713900562707e-03
8.815277799066364994e-03
8.851987484826646241e-03
8.888397059622648103e-03
8.923169396448759130e-03
8.955036796613283570e-03
8.982836127949742067e-03
9.005558044740914411e-03
9.022392532043427282e-03
9.032775074999341638e-03
9.036360417173804407e-03
9.033026526229339173e-03
9.022909311198579890e-03
9.006387123886360618e-03
8.984086689272989881e-03
8.956889655890844237e-03
8.925899348388954130e-03
8.892391792724066435e-03
8.857747067881381955e-03
8.823371343052811844e-03
8.790607577236210848e-03
8.760674398224331527e-03
8.734593358081882419e-03
8.713184383597468580e-03
8.697019644721044190e-03
8.686411175838480714e-03
8.681426740472404646e-03
8.681884769085717810e-03
8.687381838503396153e-03
8.697314731729934717e-03
8.710901245362617437e-03
8.727228723084765744e-03
8.745321489698316964e-03
8.764154661786052736e-03
8.782684298342599560e-03
8.799878643694001440e-03
8.814767916821090663e-03
8.826465915638377971e-03
8.834191342896683188e-03
8.837310068823727230e-03
8.835358100113183122e-03
8.828062689596679474e-03
8.815362450217516244e-03
8.797417491826529240e-03
8.774602272973108796e-03
8.747497418398260394e-03
8.716870174909489496e-03
8.683629107416502776e-03
8.648775884598015537e-03
8.613347292201214978e-03
8.578355999096266837e-03
8.544744125401390611e-03
8.513338077791443928e-03
8.484812706066642216e-03
8.459660061161479450e-03
8.438189340965112500e-03
8.420543357015163044e-03
8.406697031031640233e-03
8.396476244349380946e-03
8.389578173871497027e-03
8.385589300355683617e-03
8.383988193117350440e-03
8.384170616389855640e-03
8.385470170115436397e-03
8.387181340304365046e-03
8.388583945499818867e-03
8.388969204236942923e-03
8.387666885505965647e-03
8.384072555428024112e-03
8.377674028686318830e-03
8.368075710846563028e-03
8.355018729333873323e-03
8.338392139409239387e-03
8.318248163109605992e-03
8.294799052770711681e-03
8.268405008892212860e-03
8.239556832590663391e-03
8.208847620131748055e-03
8.176935444001174128e-03
8.144515595326555155e-03
8.112283532837345074e-03
8.080897799635333723e-03
8.050950851375341180e-03
8.022950361973629069e-03
7.997301418567352715e-03
7.974295391585770054e-03
7.954105891330255640e-03
7.936791495045229100e-03
7.922303917724030781e-03
7.910485711749806748e-03
7.901087245442136447e-03
7.893780923489447654e-03
7.888167935085387342e-03
7.883790913734860240e-03
7.880150148292762446e-03
7.876720966003447622e-03
7.872973180637655999e-03
7.868391921047084708e-03
7.862497479898982941e-03
7.854868279324979038e-03
7.845160242838921175e-03
7.833122740363894845e-03
7.818610833721682113e-03
7.801591976218554859e-03
7.782146343966416316e-03
7.760460807712609745e-03
7.736817699004500982e-03
7.711576390473691076e-03
7.685152893817036659e-03
7.658000516920139382e-03
7.630586140171349320e-03
7.603367854420104745e-03
7.576775969286146141e-03
7.551197247995315200e-03
7.526961845436804313e-03
7.504333282690719975e-03
7.483501233217620605e-03
7.464575791034776947e-03
7.447590307614038001e-03
7.432503337250761198e-03
7.419201235979773316e-03
7.407502346455034636e-03
7.397162944508698344e-03
7.387891437579718716e-03
7.379356791546043230e-03
7.371201582367680090e-03
7.363055858592545445e-03
7.354551644330127418e-03
7.345338297576491961e-03
7.335097911800033538e-03
7.323559604049618803e-03
7.310511650085554404e-03
7.295810700624924192e-03
7.279387379558128861e-03
7.261246627311456966e-03
7.241468339196737575e-03
7.220201456984850011e-03
7.197654268196890422e-03
7.174082657522119245e-03
7.149776203456595369e-03
7.125044344923399386e-03
7.100202461584058204e-03
7.075558542963402558e-03
7.051401145090219896e-03
7.027989107497424268e-03
7.005543092533492514e-03
6.984238464658834231e-03
6.964200298296108552e-03
6.945500633453546846e-03
6.928156241297523180e-03
6.912128449235735439e-03
6.897327100351700879e-03
6.883612971454428076e-03
6.870804839606836634e-03
6.858686594792642345e-03
6.847018016943967784e-03
6.835544063392478588e-03
6.824005031135463306e-03
6.812148089247269805e-03
6.799738210259829996e-03
6.786567349074109322e-03
6.772463954678254253e-03
6.757300899547914394e-03
6.740999113619136791e-03
6.723530736903285052e-03
6.704918750013004643e-03
6.685235332750610361e-03
6.664596510214318772e-03
6.643155911583851353e-03
6.621096777376771388e-03
6.598622773990999932e-03
6.575948698332746527e-03
6.553291489486562545e-03
6.530861683476572865e-03
6.508855462736938199e-03
6.487447515019000889e-03
6.466784653671232320e-03
6.446979415382071005e-03
6.428109147374888761e-03
6.410212845143625424e-03
6.393289771428640501e-03
6.377300036579203017e-03
6.362166399239091268e-03
6.347777643969292581e-03
6.333994850677819761e-03
6.320658172852834308e-03
6.307593146146327906e-03
6.294618522912663779e-03
6.281554382238364181e-03
6.268229917744685964e-03
6.254490720444290733e-03
6.240205057900852920e-03
6.225268745552378462e-03
6.209610354331393176e-03
6.193192867246516062e-03
6.176014439445736380e-03
6.158107399135348374e-03
6.139535552397189407e-03
6.120390384425855590e-03
6.100786424914984678e-03
6.080855921065370269e-03
6.060742986398541012e-03
6.040597460339252808e-03
6.020568734398949219e-03
6.000799775051294215e-03
5.981421542791472146e-03
5.962547990511567197e-03
5.944271810564150625e-03
5.926661081565305460e-03
5.909756941239090525e-03
5.893572380179421498e-03
5.878092212475281853e-03
5.863274231238692173e-03
5.849051097495225511e-03
5.835334394351436235e-03
5.822018922136188573e-03
5.808987061565943147e-03
5.796114337051217445e-03
5.783275119692813868e-03
5.770348115493833911e-03
5.757221511171367254e-03
5.743797609281238448e-03
5.729996734921998479e-03
5.715760206521509380e-03
5.701052248049803643e-03
5.685860818787269802e-03
5.670197399073140937e-03
5.654095800532856625e-03
5.637610096325083690e-03
5.620811792746384893e-03
5.603786385388055159e-03
5.586629454195723640e-03
5.569442459393587376e-03
5.552328406299073850e-03
5.535387549608534151e-03
5.518713305457449009e-03
5.502388529414046006e-03
5.486482303434223919e-03
5.471047353614137687e-03
5.456118196319438389e-03
5.441710081326061113e-03
5.427818560022236102e-03
5.414420378563346119e-03
5.401475093161147399e-03
5.388926830620474791e-03
5.376706839508479420e-03
5.364737392140036219e-03
5.352935204009956136e-03
5.341215009417446709e-03
5.329493286648767474e-03
5.317691887058570085e-03
5.305741276798289253e-03
5.293583241841637137e-03
5.281173007977337658e-03
5.268480735267001662e-03
5.255492341349341651e-03
5.242209632887813615e-03
5.228649763538765344e-03
5.214844068457436498e-03
5.200836344757332405e-03
5.186680663109254942e-03
5.172438810758161684e-03
5.158177478734031485e-03
5.143965314461847529e-03
5.129869963815873041e-03
5.115955224884333533e-03
5.102278429107580220e-03
5.088888155764672606e-03
5.075822359877762806e-03
