0.000000000000000000e+00
4.247986127782738061e-06
4.996625149133503623e-06
9.651674598010375126e-06
1.837084423610851709e-05
3.000964813215071543e-05
4.666014635365116651e-05
7.201119922109754405e-05
1.064137722351307398e-04
1.533777786883715199e-04
2.176466124808919278e-04
3.060642240123936930e-04
4.267150670287501004e-04
5.827744568442712759e-04
7.922541925633784857e-04
1.079625693095437019e-03
1.478907038381765222e-03
2.050482667987862245e-03
2.824133080399078392e-03
3.886591827846557368e-03
5.388972828174852167e-03
7.513286674374520732e-03
1.049714029891220084e-02
1.460005979021166723e-02
1.994624302159307000e-02
2.649421870779694946e-02
3.410739394410688269e-02
4.234197363335166081e-02
5.036738609286728341e-02
5.713307633079321712e-02
6.135597556732390323e-02
6.167714238799762438e-02
5.868658926811756021e-02
5.271575455513499708e-02
4.453098242080352070e-02
3.517929152657039982e-02
2.519238655207683628e-02
1.709783763755774733e-02
1.209626391267858668e-02
9.419982440760074627e-03
8.087111352487397903e-03
7.483032283204106572e-03
7.382623698164171057e-03
7.673767060454900375e-03
8.218040704842716551e-03
8.781676071678732806e-03
9.210710848603091000e-03
9.424570146759852704e-03
9.409303173573003998e-03
9.289891163888478950e-03
9.156790525197376629e-03
9.001539518689073704e-03
8.758859617403575229e-03
8.503835281388949854e-03
8.213053769212481578e-03
7.851770217437579330e-03
7.444412762608097409e-03
6.981610414824215849e-03
6.469542001043596634e-03
5.946787057463948784e-03
5.435389329845173416e-03
4.943475383602889163e-03
4.469549899426235491e-03
4.026471004997855645e-03
3.640041014118542383e-03
3.347937561487473318e-03
3.172548207451574877e-03
3.106995787233138035e-03
3.125941163840675972e-03
3.201382562379191405e-03
3.308417447391362801e-03
3.415815932298824509e-03
3.470655630762198556e-03
3.445534741195821829e-03
3.368948483227385271e-03
3.275268844658990770e-03
3.182627920649767298e-03
3.099665663254136221e-03
3.023572529492330168e-03
2.949443586577562074e-03
2.874714889671309715e-03
2.792109063031693664e-03
2.680441663701105780e-03
2.524944833733478843e-03
2.339641901544208154e-03
2.155064219019310438e-03
1.999840507185563637e-03
1.890203526959596640e-03
1.831416214621275386e-03
1.813165710691312486e-03
1.815675368776734295e-03
1.817350402424828181e-03
1.800282196502301030e-03
1.753214847426973113e-03
1.672531149783447035e-03
1.561178129779001653e-03
1.427277029654390721e-03
1.283776874620598312e-03
1.143757223881294383e-03
1.020165036830549205e-03
9.218670379502615737e-04
8.546982188009509714e-04
8.218477080925843574e-04
8.217311965589894863e-04
8.491191959131722542e-04
8.983418168970777433e-04
9.636224438404910773e-04
1.037957545008992306e-03
1.112602907027932225e-03
1.178290966743253182e-03
1.226465302320511441e-03
1.250422353143904042e-03
1.247942354885141604e-03
1.223258024946519097e-03
1.185238869158258736e-03
1.144291888172399747e-03
1.109827969650295900e-03
1.088943589111454700e-03
1.085154664831608452e-03
1.099075583400574083e-03
1.128277593753057367e-03
1.169248374903298195e-03
1.219341032234953076e-03
1.276945416623715161e-03
1.339205632715817452e-03
1.400224936033485574e-03
1.452466421841177788e-03
1.487281163023177442e-03
1.494821748652935996e-03
1.467598764490673537e-03
1.407100085367907292e-03
1.323445435507480689e-03
1.232521652839256273e-03
1.151098615470397008e-03
1.092255698728178490e-03
1.061840890127192100e-03
1.058660601875693495e-03
1.078190458366644691e-03
1.115132903080528343e-03
1.163824433533720360e-03
1.217611714224732262e-03
1.270884373583375726e-03
1.317589736403516811e-03
1.351801382831396706e-03
1.368177276683135756e-03
1.364113057586783780e-03
1.340122214259850111e-03
1.299550242050416396e-03
1.248717656084317399e-03
1.195877988629479634e-03
1.148958543469129128e-03
1.113127013272502885e-03
1.089714282282456832e-03
1.077294508180295278e-03
1.073045209252582394e-03
1.074081207003644645e-03
1.077231831436594378e-03
1.079157383015861942e-03
1.076249833728129546e-03
1.065384208176451504e-03
1.044213143537124459e-03
1.011521839946192495e-03
9.680923885696372279e-04
9.168155387013508578e-04
8.617761745797396320e-04
8.073909522187279735e-04
7.583462370279579366e-04
7.188969421853140442e-04
6.918028011509168079e-04
6.777596959882121585e-04
6.757173180397455219e-04
6.833317444859709393e-04
6.972665410160387061e-04
7.135323826637520427e-04
7.279764128237671116e-04
7.369723615408201945e-04
7.379251322815930754e-04
7.296571738456546522e-04
7.125384871593122126e-04
6.884617266412510969e-04
6.605777173187128660e-04
6.326893748173690636e-04
6.084771233061712177e-04
5.907990378019895451e-04
5.812859062802534955e-04
5.803370275643094474e-04
5.872836703601329311e-04
6.006297370014473773e-04
6.184068704427357404e-04
6.384388303037569169e-04
6.584505674436672354e-04
6.761593911574968708e-04
6.895133866440006669e-04
6.970628411658041403e-04
6.983187171429933908e-04
6.937830229664241266e-04
6.847587089506586419e-04
6.730976023203452891e-04
6.609039223285978395e-04
6.503273949244407206e-04
6.432547983170187238e-04
6.412122854289845379e-04
6.452249614299569291e-04
6.555614380946282087e-04
6.715068502849476937e-04
6.915427748634268542e-04
7.135066148437154733e-04
7.347325515306468756e-04
7.524899549943302093e-04
7.644918780733297135e-04
7.693694947987105752e-04
7.668341356418752110e-04
7.577207348401367951e-04
7.437888169704510348e-04
7.273528111411474255e-04
7.107798389488058583e-04
6.961373729989214559e-04
6.849340860659188217e-04
6.780653210351770058e-04
6.758220725756967223e-04
6.778522736493928060e-04
6.832944770795296163e-04
6.908581707501821462e-04
6.989124719921725520e-04
7.056705831120533646e-04
7.093702613258926403e-04
7.086516007369711564e-04
7.028825889990803540e-04
6.923304129432628160e-04
6.781194922409687197e-04
6.618310843847592575e-04
6.451808627349777227e-04
6.299863148412284146e-04
6.178110954794875003e-04
6.098474955513502301e-04
6.068812319706305084e-04
6.091998170447402881e-04
6.164652045262713131e-04
6.276135861317040003e-04
6.410563780199382512e-04
6.549922891191650980e-04
6.677044233232719197e-04
6.777710148538752637e-04
6.842263321942992135e-04
6.866499435762376570e-04
6.851820889359051901e-04
6.804927192282130000e-04
6.737827182998914035e-04
6.667260985532580831e-04
6.609826924372513715e-04
6.578238953877645631e-04
6.578875990768345925e-04
6.612425165790545255e-04
6.675581157771085569e-04
6.761926810410891307e-04
6.862194755221844109e-04
6.964526798202732823e-04
7.055369301239308808e-04
7.121318210596453650e-04
7.151260444762122742e-04
7.138584479236080842e-04
7.082224055322798454e-04
6.986285243811165115e-04
6.859291930889361687e-04
6.713403363190593868e-04
6.563418383908344684e-04
6.424628039368152337e-04
6.310055827396704497e-04
6.227997532428985539e-04
6.180597523633944712e-04
6.164801902969379091e-04
6.173108396370799531e-04
6.194170667343444322e-04
6.215072154072492049e-04
6.224024613210510024e-04
6.212468104827054659e-04
6.174658723520499558e-04
6.108143034078769443e-04
6.014045610858122963e-04
5.897032626156720626e-04
5.764805750361669950e-04
5.627221869697326484e-04
5.495172237572543876e-04
5.378318186048358348e-04
5.282719480754073226e-04
5.210428196800298952e-04
5.160116253381441444e-04
5.128303716774232487e-04
5.110040352058288276e-04
5.098649166439499355e-04
5.086675308272974559e-04
5.067405253603981868e-04
5.035880835362035795e-04
4.989646942910034482e-04
4.928419994323498610e-04
4.853945083976687934e-04
4.769929883711308458e-04
4.681443053013215321e-04
4.594503229301692324e-04
4.515175190449185029e-04
4.448778240661100444e-04
4.399264502315286974e-04
4.368711502464554938e-04
4.356998633704839961e-04
4.361706276606134181e-04
4.378251180761997272e-04
4.400434876018652851e-04
4.421513160909576099e-04
4.435383638106854022e-04
4.437530647951793317e-04
4.425516646692364913e-04
4.399231479270156306e-04
4.360800904215127649e-04
4.314249710080160396e-04
4.264883522942887798e-04
4.218342726607751973e-04
4.179565445101179107e-04
4.152204884985346992e-04
4.138444910924270496e-04
4.138798342152372254e-04
4.151824579601190966e-04
4.174243581227606199e-04
4.201673994983964313e-04
4.229620708616940424e-04
4.254203351058842065e-04
4.272579791952177538e-04
4.283075746469611504e-04
4.285132037041519573e-04
4.279360676343648144e-04
4.267519471730055083e-04
4.252239826506951526e-04
4.236696995312005422e-04
4.224373249865977535e-04
4.218611945766146862e-04
4.222239338330983590e-04
4.237037757880590021e-04
4.263344343318863213e-04
4.299924406190622586e-04
4.344093137545128975e-04
4.392150712035181948e-04
4.439987526592552606e-04
4.483605719053398954e-04
4.519663823837741560e-04
4.546006457308479068e-04
4.561895989980579340e-04
4.568015342307709011e-04
4.566348000832345607e-04
4.559679686369845259e-04
4.551095046042611357e-04
4.543615808427596005e-04
4.539607200497829250e-04
4.540437703024868929e-04
4.546563984927518226e-04
4.557499737708405226e-04
4.571764174201119321e-04
4.587075860424581980e-04
4.600893519759808106e-04
4.610841868760063742e-04
4.614928918369777273e-04
4.611724965211545227e-04
4.600544524272598239e-04
4.581593345483934662e-04
4.555977366627847231e-04
4.525476155009167025e-04
4.492202287530465735e-04
4.458449282400738715e-04
4.426401051657093697e-04
4.397936471762360047e-04
4.374330532371963195e-04
4.356129535307288656e-04
4.343027428173179810e-04
4.333621334340919166e-04
4.326100010397301984e-04
4.318213253769897673e-04
4.307724751057004971e-04
4.292644547541177194e-04
4.271853703814428114e-04
4.245121239376321745e-04
4.212983393420273144e-04
4.176613396013064924e-04
4.137538559956230105e-04
4.097655438100991968e-04
4.058831221978277063e-04
4.022647773066723663e-04
3.990162826678147492e-04
3.961821997401611742e-04
3.937472645652318739e-04
3.916520143258440966e-04
3.897917366013959901e-04
3.880331246727772320e-04
3.862371091682500644e-04
3.842861268566664609e-04
3.821009889096712371e-04
3.796417155563804307e-04
3.769079091626246353e-04
3.739380434076395535e-04
3.708233432215347946e-04
3.676868880531466337e-04
3.646743418922813573e-04
3.619086158965255980e-04
3.594827753363021038e-04
0.000000000000000000e+00
2.369632714820379960e-04
4.518335735732570413e-04
7.212270539489473720e-04
1.066570932859001175e-03
1.486288793653978146e-03
1.970135297525432705e-03
2.517570917746514425e-03
3.125905666307771114e-03
3.761873325057285555e-03
4.403010874722612655e-03
5.055522962250869057e-03
5.728227810792407837e-03
6.408190543718772503e-03
7.056191686738433333e-03
7.674228124817661367e-03
8.187333279789932305e-03
8.464461221998398344e-03
8.457670826755858684e-03
7.996186172609442977e-03
6.810875652545567149e-03
4.585447925468777441e-03
8.619226658663770024e-04
-4.811326703110685443e-03
-1.270255620208882164e-02
-2.276795272182940977e-02
-3.468645080530552427e-02
-4.781396362219392238e-02
-6.060512668027562277e-02
-7.063183665843331127e-02
-7.514805710750827039e-02
-7.169615819317631811e-02
-6.100762860920783126e-02
-4.391927333507772424e-02
-2.202212984434570586e-02
2.412969400517939178e-03
2.767623426272303178e-02
4.880891016923327719e-02
6.281287908209454152e-02
7.110291730801887589e-02
7.591093291311445945e-02
7.870074702094709274e-02
8.007208515934838289e-02
8.034004006572215140e-02
7.998778566521402844e-02
7.969338101182055212e-02
7.993487357251560788e-02
8.089335200474812027e-02
8.240882565549134675e-02
8.405020987752553907e-02
8.556903140004612496e-02
8.697410035260477734e-02
8.837479451866414593e-02
8.966688299284242269e-02
9.085380516444474530e-02
9.189555829137097120e-02
9.275091424513615124e-02
9.361058142969280738e-02
9.468800464587578958e-02
9.608066402732640121e-02
9.784743756960434524e-02
9.999809982822216448e-02
1.024477846780371681e-01
1.050273682843070322e-01
1.074963054799609186e-01
1.096065183399494991e-01
1.111963275647995797e-01
1.122437503690789651e-01
1.128336467733239701e-01
1.130714812579969308e-01
1.130580513983865387e-01
1.129173691677216596e-01
1.128111885399654124e-01
1.128405559407477110e-01
1.130032531533236018e-01
1.132919921515351813e-01
1.137294937507904447e-01
1.143421474086316891e-01
1.151673838918001458e-01
1.162043685346911825e-01
1.174053913109636138e-01
1.187157228050490509e-01
1.200988758151306790e-01
1.215015700082371364e-01
1.228207536163128388e-01
1.239385346024473034e-01
1.247709745037250961e-01
1.252841664542421185e-01
1.254974762279970069e-01
1.254925168418123960e-01
1.253928115420208655e-01
1.253335629925718120e-01
1.254331888846842435e-01
1.257757208810859062e-01
1.263951153000593131e-01
1.272748925477975579e-01
1.283461647267181149e-01
1.295045847587810162e-01
1.306387736988272597e-01
1.316500479326938589e-01
1.324678466831972212e-01
1.330488500997559775e-01
1.333789082246319424e-01
1.334740830144172108e-01
1.333681013931413695e-01
1.331033576627129733e-01
1.327310300667374765e-01
1.323170408959142286e-01
1.319368699325238481e-01
1.316668514633425602e-01
1.315682462178848766e-01
1.316759994424556712e-01
1.319895511615229999e-01
1.324665689343313968e-01
1.330327050221840057e-01
1.336047813621361602e-01
1.341060531416622403e-01
1.344781137756327904e-01
1.346886270871696656e-01
1.347304234574715487e-01
1.346172724551530919e-01
1.343773830831469507e-01
1.340476630621743048e-01
1.336749723065360218e-01
1.333180031443943481e-01
1.330451691451197682e-01
1.329229818581934008e-01
1.330008912531459586e-01
1.333044040076005743e-01
1.338260479932451563e-01
1.345168452855374230e-01
1.352955585542057193e-01
1.360663308809944017e-01
1.367403985691773016e-01
1.372547550153697671e-01
1.375817337881402036e-01
1.377260041023393722e-01
1.377131078984956680e-01
1.375799700254465296e-01
1.373728355378640575e-01
1.371427427161742152e-01
1.369438816852712737e-01
1.368291026890391393e-01
1.368424744582714681e-01
1.370111993642113557e-01
1.373378546616323970e-01
1.377997043314265202e-01
1.383536119153820909e-01
1.389433640605997056e-01
1.395094849322822128e-01
1.400023877085447843e-01
1.403916986948872125e-01
1.406691611005934650e-01
1.408444366541412585e-01
1.409389898231316884e-01
1.409811848466715478e-01
1.410038334928940262e-01
1.410432287680389862e-01
1.411359290017537571e-01
1.413123859520075687e-01
1.415921054648694444e-01
1.419790023888318764e-01
1.424590604758078083e-01
1.430030299502029756e-01
1.435723990375377124e-01
1.441263245253099345e-01
1.446270638791726793e-01
1.450452829612243200e-01
1.453638388270985793e-01
1.455789854074174272e-01
1.456992538069636911e-01
1.457434963074852874e-01
1.457387681814166225e-01
1.457174137452437179e-01
1.457132946207568835e-01
1.457569297337053538e-01
1.458705325045241974e-01
1.460639345838998793e-01
1.463330916920659863e-01
1.466609648141212752e-01
1.470211428982093338e-01
1.473831999681849414e-01
1.477186959885716799e-01
1.480057699167904861e-01
1.482314832540110316e-01
1.483919252957524026e-01
1.484910867061894901e-01
1.485391999166147947e-01
1.485511481457775229e-01
1.485449314577185209e-01
1.485405454800647895e-01
1.485581784630620739e-01
1.486154469993334892e-01
1.487244589870879707e-01
1.488890649831755564e-01
1.491042472008228259e-01
1.493573411595805478e-01
1.496304935702603700e-01
1.499036918786225137e-01
1.501577410301362381e-01
1.503765238072825028e-01
1.505481724556556600e-01
1.506658934663265281e-01
1.507290338967690602e-01
1.507438557981268801e-01
1.507230249008171263e-01
1.506844031935596906e-01
1.506493343381059002e-01
1.506392939632772432e-01
1.506721309176628498e-01
1.507588524515126593e-01
1.509016097142750201e-01
1.510935644669599842e-01
1.513207557803464276e-01
1.515650298526813877e-01
1.518077408700049258e-01
1.520322857028397756e-01
1.522262943631325083e-01
1.523824779307121347e-01
1.524987227420062652e-01
1.525779882495208462e-01
1.526278456809024853e-01
1.526599116121294397e-01
1.526886919803249754e-01
1.527297073627231772e-01
1.527973651974288138e-01
1.529021646955566194e-01
1.530485748572250060e-01
1.532342029019007068e-01
1.534504586065221776e-01
1.536844243013311129e-01
1.539211142506859975e-01
1.541453168079345293e-01
1.543436691706052688e-01
1.545060709016694567e-01
1.546264500580580847e-01
1.547034729100724704e-01
1.547410967308784357e-01
1.547483823183979368e-01
1.547384228229273795e-01
1.547265017663466136e-01
1.547277465891099268e-01
1.547550461288551560e-01
1.548170789586966745e-01
1.549173025263552717e-01
1.550538179282505702e-01
1.552197940522475061e-01
1.554045370192509434e-01
1.555949971048469216e-01
1.557783981084126523e-01
1.559444422537981101e-01
1.560867473751541556e-01
1.562032618215301039e-01
1.562955353357602384e-01
1.563684323373832896e-01
1.564296896284036453e-01
1.564892794657561925e-01
1.565581895762060416e-01
1.566468950669153148e-01
1.567636301015711275e-01
1.569130200673729547e-01
1.570952463607409033e-01
1.573061207396144745e-01
1.575378179409137047e-01
1.577798710156610440e-01
1.580205596783252897e-01
1.582487005369390687e-01
1.584552547846656001e-01
1.586348303704532281e-01
1.587859685704766655e-01
1.589111302718844154e-01
1.590164215196272490e-01
1.591106594856956935e-01
1.592039567649454757e-01
1.593060813916029606e-01
1.594250033869821781e-01
1.595660892447903212e-01
1.597315758280870579e-01
1.599202594515549691e-01
1.601278900416034379e-01
1.603476943531274568e-01
1.605714400761699689e-01
1.607908765977694721e-01
1.609987483104193817e-01
1.611901559022805852e-01
1.613629293032101675e-01
1.615175286918342223e-01
1.616566883565462298e-01
1.617849386924283817e-01
1.619080564960715396e-01
1.620322492174599560e-01
1.621631540581489617e-01
1.623049920204073793e-01
1.624599225758820431e-01
1.626279429854065040e-01
1.628069846852120417e-01
1.629932216802005840e-01
1.631816428657300033e-01
1.633667365384892101e-01
1.635431745869682096e-01
1.637064683763804762e-01
1.638535806768168790e-01
1.639832295675236473e-01
1.640961020843576534e-01
1.641948905664887270e-01
1.642839733528271839e-01
1.643688851114026850e-01
1.644554782331755227e-01
1.645490355810084182e-01
1.646534370699199723e-01
1.647706961872792419e-01
1.649007839192930813e-01
1.650417281381744150e-01
1.651900230297294048e-01
1.653412525800621591e-01
1.654907825522162756e-01
1.656344655012960132e-01
1.657691974258836964e-01
1.658931938295864494e-01
1.660062012322709446e-01
1.661094604251991402e-01
1.662055396137334107e-01
1.662978800819532310e-01
1.663901579141913167e-01
1.664857119702838339e-01
1.665870700990632614e-01
1.666956682543943025e-01
1.668117570043647913e-01
1.669344101374741207e-01
1.670616850111406038e-01
1.671908986465020508e-01
1.673189781926351927e-01
1.674428457778702750e-01
1.675597419958692047e-01
1.676676321415107029e-01
1.677655045912660459e-01
1.678535681531612145e-01
1.679332743079271495e-01
1.680071879355911069e-01
1.680786375430329826e-01
1.681512141759606838e-01
1.682282730252291358e-01
1.683124808539897543e-01
1.684054526813545394e-01
1.685075646759923718e-01
1.686179995433942924e-01
1.687348968104411817e-01
1.688557537548336374e-01
1.689778397940369103e-01
1.690985818287435993e-01
1.692159477380645871e-01
1.693286988184756758e-01
1.694364626396800411e-01
1.695397701176308836e-01
1.696399150989060800e-01
1.697387487430985775e-01
1.698383661949141032e-01
1.699407862015456239e-01
1.700476332236593446e-01
1.701599359239727161e-01
1.702779863234042956e-01
1.704013081801718510e-01
1.705287187933417492e-01
1.706585394881952045e-01
1.707888645076540701e-01
1.709177355991895464e-01
1.710433719843176270e-01
1.711644256939566233e-01
1.712801808741128973e-01
1.713906115931660423e-01
1.714964429267624713e-01
1.715991011459794269e-01
1.717003965788586051e-01
1.718023530487657879e-01
1.719068866304289678e-01
1.720155154670213182e-01
1.721291479855053819e-01
1.722480020419656643e-01
1.723716717888466032e-01
1.724992049757685386e-01
1.726292440803052219e-01
1.727602231890172924e-01
1.728906133169543224e-01
1.730191301924026703e-01
1.731449039834480619e-01
1.732675569955879347e-01
1.733872122868387322e-01
1.735044113298394031e-01
1.736200379486403378e-01
1.737351455877351736e-01
1.738507811542902015e-01
1.739677944514534946e-01
1.740867148287930100e-01
1.742077070567564778e-01
1.743305677605277992e-01
1.744547178385285058e-01
1.745792563478378856e-01
1.747031170382618015e-01
1.748251959027564695e-01
1.749445394112705277e-01
1.750604626910532424e-01
0.000000000000000000e+00
1.431175301606187804e-04
2.710504078118482034e-04
4.336512296859195478e-04
6.437269514058465304e-04
8.996631837385959344e-04
1.196622353481076057e-03
1.536473050225857983e-03
1.917827465096071668e-03
2.323030332328845232e-03
2.741568091969085342e-03
3.181182849600549482e-03
3.651903446307958653e-03
4.147939255548759030e-03
4.656707157764875329e-03
5.193911553803001561e-03
5.735256529832926005e-03
6.238816605097279901e-03
6.693816561250455835e-03
7.050391659676858748e-03
7.238518633815411822e-03
7.178524879628810258e-03
6.739656567306580304e-03
5.807934989061552117e-03
4.297886330585677650e-03
2.210900062947846606e-03
-3.435709784797482541e-04
-3.246687986402513760e-03
-6.074343966421746725e-03
-8.009200140431724582e-03
-8.183235995553202885e-03
-5.944568304506902233e-03
-1.377138949459133033e-03
5.219203609292094592e-03
1.335514527561352735e-02
2.230456235895087944e-02
3.136846310155583933e-02
3.910435632438754444e-02
4.444573457348284518e-02
4.777653683170728083e-02
4.983843935287188970e-02
5.113529839420546258e-02
5.188937720664417441e-02
5.222110618198822635e-02
5.233503668506536699e-02
5.249477895884276796e-02
5.289262198414838162e-02
5.358820345140667685e-02
5.447831893171171946e-02
5.538134852561639454e-02
5.620353631382691423e-02
5.694508900652294620e-02
5.763217195243296176e-02
5.824749173287303849e-02
5.877919758741910472e-02
5.918293962628640159e-02
5.944874993430715460e-02
5.968422117975951541e-02
6.001966233530948991e-02
6.053580149007994904e-02
6.128065182500107982e-02
6.226483458652594394e-02
6.343710906245161874e-02
6.470475834451751285e-02
6.594036936301819751e-02
6.701910561488803875e-02
6.785832133196081917e-02
6.844089308129429339e-02
6.880213630351224297e-02
6.898801183481366450e-02
6.904355037053082345e-02
6.902380217330938983e-02
6.899334013323153714e-02
6.899585970965203818e-02
6.904695179907312241e-02
6.916268608968405285e-02
6.936730178042675721e-02
6.968158282074919663e-02
7.012607097178227833e-02
7.069736076582916473e-02
7.136562321954174892e-02
7.209406793220057841e-02
7.284847666937427357e-02
7.358847449536300156e-02
7.426123829352805628e-02
7.481493447368890715e-02
7.521674618587190220e-02
7.545618687866723073e-02
7.554786946948582882e-02
7.553409837861123355e-02
7.547642942766269458e-02
7.544226941595445768e-02
7.549125324971237005e-02
7.566656086592457586e-02
7.598619332699520224e-02
7.644212137396376450e-02
7.699829041420933051e-02
7.760047137189207689e-02
7.819034041306810456e-02
7.871702753110351725e-02
7.914392788202993800e-02
7.944880062810745491e-02
7.962514239634040092e-02
7.968154318849048068e-02
7.963491134731000287e-02
7.950703651598235722e-02
7.932485677741367425e-02
7.912333031451272702e-02
7.894205324684008818e-02
7.882081817751022956e-02
7.879089607794746708e-02
7.886904354709135812e-02
7.905361128586978203e-02
7.932199363996902952e-02
7.963534050322083890e-02
7.995047472541379208e-02
8.022744516530315451e-02
8.043580806900944846e-02
8.055846355375489987e-02
8.059152221299603625e-02
8.054171287777389665e-02
8.042368879503231094e-02
8.025777789167655440e-02
8.007082814609935151e-02
7.989596890904375470e-02
7.977029319872466773e-02
7.972879235668105247e-02
7.979567480699835402e-02
7.998023163996809126e-02
8.027358574496662458e-02
8.064755991878566621e-02
8.105995805404005161e-02
8.146333161745476781e-02
8.181496461969471612e-02
8.208523381001231467e-02
8.226119368231327167e-02
8.234490642542484362e-02
8.234884236105330380e-02
8.229176686527214790e-02
8.219775813234488082e-02
8.209315101810225890e-02
8.200676927803761396e-02
8.196637924657919350e-02
8.199461184647260925e-02
8.210443743902352820e-02
8.229583994170590333e-02
8.255563409237694217e-02
8.286021077600511098e-02
8.317996714658092150e-02
8.348451154867415902e-02
8.374912620004931751e-02
8.395885565972459330e-02
8.410959058952760525e-02
8.420621757600238455e-02
8.425979744194812826e-02
8.428544764192123784e-02
8.430075508624507163e-02
8.432527191321065319e-02
8.437854847811503134e-02
8.447679854174068581e-02
8.463020272238769293e-02
8.484036303604351736e-02
8.509942727932794104e-02
8.539175588890192403e-02
8.569692240726371757e-02
8.599331391780053180e-02
8.626131725111964299e-02
8.648605218671920336e-02
8.665898475466302098e-02
8.677830519167853418e-02
8.684845206782138005e-02
8.687922026406093290e-02
8.688468284466566161e-02
8.688166363616076082e-02
8.688778969766282334e-02
8.691901721013443882e-02
8.698698628561077340e-02
8.709683164855062942e-02
8.724637324435019492e-02
8.742662430462744272e-02
8.762378387229738386e-02
8.782205572497518709e-02
8.800674927792956348e-02
8.816658952762153334e-02
8.829486728615745794e-02
8.838949913624567778e-02
8.845245607556656564e-02
8.848892162044356968e-02
8.850655852728273043e-02
8.851475552272318470e-02
8.852402673222931062e-02
8.854499603581006406e-02
8.858689840147508654e-02
8.865605763515198301e-02
8.875446822225704913e-02
8.887945082246732909e-02
8.902426431537298346e-02
8.917941457645485459e-02
8.933427607895277900e-02
8.947873534246138238e-02
8.960434904079707386e-02
8.970498120635697625e-02
8.977720928039660542e-02
8.982080522850124926e-02
8.983906035460247075e-02
8.983858867456993857e-02
8.982870508602575077e-02
8.982049168685114771e-02
8.982507042040362155e-02
8.985167460737851497e-02
8.990602300025636595e-02
8.998922066158154820e-02
9.009770565913950702e-02
9.022423855098016254e-02
9.035942138480801411e-02
9.049359554738743705e-02
9.061813661823606147e-02
9.072660026870818517e-02
9.081519300674607831e-02
9.088283339081863754e-02
9.093106845721274367e-02
9.096387931036889474e-02
9.098739269897569704e-02
9.100924776066081356e-02
9.103759313917754448e-02
9.107993159016292140e-02
9.114168572449825312e-02
9.122513213664512621e-02
9.132900965113562031e-02
9.144888859353188237e-02
9.157804274657363464e-02
9.170859860320505763e-02
9.183260902618047006e-02
9.194307324408970694e-02
9.203470579934368290e-02
9.210437022294558351e-02
9.215144576422845679e-02
9.217807981391841488e-02
9.218901721442931962e-02
9.219108395370619047e-02
9.219227942445323842e-02
9.220056048574989949e-02
9.222273087892658705e-02
9.226336685324672271e-02
9.232427035703763551e-02
9.240439792491697557e-02
9.250009396394201500e-02
9.260572600883205940e-02
9.271454452466490470e-02
9.281995385262588327e-02
9.291659838316809750e-02
9.300106987431747130e-02
9.307219179238286622e-02
9.313068752991346400e-02
9.317906253777426262e-02
9.322135742217488308e-02
9.326278542751913203e-02
9.330906170992854520e-02
9.336560614893840704e-02
9.343664493822657902e-02
9.352453017152187464e-02
9.362930621232805339e-02
9.374873168188931072e-02
9.387866937458423655e-02
9.401363039339995231e-02
9.414753881574580707e-02
9.427466647713812764e-02
9.439042311658876749e-02
9.449210168875661620e-02
9.457896392267160779e-02
9.465228873648744157e-02
9.471525388975993165e-02
9.477241765196509071e-02
9.482901373801816414e-02
9.489013837152811270e-02
9.496001250814074812e-02
9.504147943956790801e-02
9.513572079124611724e-02
9.524208910649870075e-02
9.535833955257932981e-02
9.548091033177295850e-02
9.560550181661738034e-02
9.572786489191495440e-02
9.584426783288298168e-02
9.595216328104835823e-02
9.605038542727857565e-02
9.613912850987087200e-02
9.621980838583382711e-02
9.629481935641602541e-02
9.636719279501111679e-02
9.644016944138628089e-02
9.651669567571459496e-02
9.659898175701220335e-02
9.668816329277202248e-02
9.678422183204260509e-02
9.688603357827904605e-02
9.699154844604986059e-02
9.709809394185899001e-02
9.720275691762390868e-02
9.730273589316729144e-02
9.739568324275223177e-02
9.748003138181583760e-02
9.755514297576793614e-02
9.762141850662796327e-02
9.768031185320787124e-02
9.773414887172522658e-02
9.778584566589648697e-02
9.783847447373150708e-02
9.789480769602265653e-02
9.795687947020562114e-02
9.802573982942401620e-02
9.810136502315103257e-02
9.818271105895669260e-02
9.826793663932732736e-02
9.835473641501246700e-02
9.844069542091804514e-02
9.852364585250739104e-02
9.860196277224496375e-02
9.867471696237002654e-02
9.874178845290840223e-02
9.880382796590479744e-02
9.886216467670527752e-02
9.891858043933238198e-02
9.897498967178888774e-02
9.903314318150023554e-02
9.909437218168183625e-02
9.915942932468249649e-02
9.922843010210441461e-02
9.930086127866452617e-02
9.937567452475268293e-02
9.945143408103744587e-02
9.952650513420828460e-02
9.959926810820321497e-02
9.966828413924899710e-02
9.973251366847123156e-02
9.979146222147940171e-02
9.984527369345493064e-02
9.989473603178881944e-02
9.994121175569052606e-02
9.998645624217443462e-02
1.000323563267588034e-01
1.000806655354471442e-01
1.001327678763032220e-01
1.001894937012359904e-01
1.002510224361986418e-01
1.003169096766317187e-01
1.003861692366059266e-01
1.004574814642566344e-01
1.005294092478838247e-01
1.006006051819478275e-01
1.006700038867442693e-01
1.007369515999581439e-01
1.008012544435262919e-01
1.008631985709783907e-01
1.009234637991197059e-01
1.009830131098252981e-01
1.010429388311022553e-01
1.011042978109799179e-01
1.011679356979783145e-01
1.012343779986891179e-01
1.013037573056818630e-01
1.013758032588325669e-01
1.014498797463379010e-01
1.015250963493421199e-01
1.016004476729493872e-01
1.016749079109774689e-01
1.017475500544183648e-01
1.018176857938145469e-01
1.018849660413196495e-01
1.019494078246100943e-01
1.020114231928182513e-01
1.020717751566423831e-01
1.021314303691816805e-01
1.021914561117093362e-01
1.022528565592377842e-01
1.023164143997842834e-01
1.023826022391461782e-01
1.024515356328293408e-01
1.025230055964878872e-01
1.025965167438588760e-01
1.026713542379363159e-01
1.027467015054398802e-01
1.028217621417257116e-01
1.028958680080570703e-01
1.029685657667672866e-01
1.030396577605044994e-01
1.031092079465627670e-01
1.031775023151397797e-01
1.032450031354232439e-01
1.033122563514418529e-01
1.033798006092944283e-01
1.034480703678426067e-01
1.035173327203136734e-01
1.035876617085813300e-01
1.036589364286292503e-01
1.037308361104798682e-01
1.038028803253172455e-01
1.038745094629930643e-01
1.039451549111952977e-01
1.040143238400046133e-01
1.040816651131360598e-01
0.000000000000000000e+00
0.000000000000000000e+00
0.000000000000000000e+00
0.000000000000000000e+00
-2.073960908106034319e-16
-2.073960908106034319e-16
-2.073960908106034319e-16
-6.221882724318102464e-16
-6.221882724318102464e-16
-6.221882724318102464e-16
-2.073960908106034319e-16
-6.221882724318102464e-16
-6.221882724318102464e-16
-6.221882724318102464e-16
-1.036980454053017110e-15
-1.036980454053017110e-15
-1.036980454053017110e-15
-1.036980454053017110e-15
-1.036980454053017110e-15
-1.036980454053017110e-15
-1.036980454053017110e-15
-1.036980454053017110e-15
-6.221882724318102464e-16
-6.221882724318102464e-16
-1.099199281296198184e-14
-1.831307481857628237e-13
-2.982770578038098429e-12
-9.259820662511821894e-11
-1.757397736975453396e-09
-9.552203316018703675e-09
-3.821935686653944168e-08
-8.527667062946113678e-08
-1.487666772513016962e-07
-2.591814232107467694e-07
-4.337788855794108650e-07
-7.561224738340532736e-07
-1.228335941365846228e-06
-1.402502026502299070e-06
-1.438006178220684908e-06
-1.463783705058907477e-06
-1.487905717697161547e-06
-1.510416550990383401e-06
-1.533191414232329676e-06
-1.557171992899059339e-06
-1.591671451586809425e-06
-1.648317404425775496e-06
-1.726267926363123878e-06
-1.813067618896088553e-06
-1.898377358624833263e-06
-1.982959070048915178e-06
-2.069727490362326647e-06
-2.155970705378083868e-06
-2.238800429614407026e-06
-2.310123728100466803e-06
-2.367308491628040803e-06
-2.422702253444837698e-06
-2.489249981932766833e-06
-2.577238978015660594e-06
-2.682657870085685447e-06
-2.785859500711262803e-06
-2.874470512927833049e-06
-2.958798243573374420e-06
-3.045331558433867011e-06
-3.125687538420762659e-06
-3.195462243687510053e-06
-3.253053892628139582e-06
-3.300170858899076484e-06
-3.339205922841629967e-06
-3.371866274295339333e-06
-3.399093489438523551e-06
-3.423707577093302157e-06
-3.450227131472317292e-06
-3.486952921865151016e-06
-3.546919455560600956e-06
-3.640291723297114010e-06
-3.763338503276738843e-06
-3.899620712766998144e-06
-4.018952448258546919e-06
-4.101073092519252176e-06
-4.151206333999301683e-06
-4.182041715788292654e-06
-4.204188016853748288e-06
-4.224348384207881062e-06
-4.247120562085243924e-06
-4.275386221898882018e-06
-4.310991212500165108e-06
-4.354916801738667653e-06
-4.409509713091019475e-06
-4.473597831580505669e-06
-4.541117720740869579e-06
-4.604751055482732076e-06
-4.662341079267593657e-06
-4.711370726535786681e-06
-4.752064198890756508e-06
-4.784974865189704587e-06
-4.811416270025553444e-06
-4.833556680212445352e-06
-4.852749259218530476e-06
-4.870960877113858057e-06
-4.890155888461296117e-06
-4.911410106351543368e-06
-4.934473286039240299e-06
-4.958905818741330650e-06
-4.984426995508071396e-06
-5.010481905284929640e-06
-5.035897838905388781e-06
-5.059478012872109226e-06
-5.080984488286778027e-06
-5.100992989438623129e-06
-5.121134335045494683e-06
-5.144173556751573202e-06
-5.173102425710444943e-06
-5.209819679680180580e-06
-5.253602508026969713e-06
-5.302038683915048895e-06
-5.352192913049904002e-06
-5.402260866862754786e-06
-5.451139980448543724e-06
-5.498290157470293997e-06
-5.542274356221871819e-06
-5.581476773047605973e-06
-5.615812887818610263e-06
-5.646227871094853531e-06
-5.674381486414807503e-06
-5.703411217899730920e-06
-5.738548901347843002e-06
-5.784353412270127310e-06
-5.840261091644940422e-06
-5.902387090886627489e-06
-5.964448764156789490e-06
-6.022554767638997924e-06
-6.074351098046441208e-06
-6.118989805055054133e-06
-6.156140883323476364e-06
-6.187050951970501631e-06
-6.213475580329168680e-06
-6.237376226468538538e-06
-6.260914939053160358e-06
-6.286943156538338732e-06
-6.320290565406367282e-06
-6.364378652385565650e-06
-6.419339163146471024e-06
-6.482163505882947594e-06
-6.548186782128427089e-06
-6.614072215050902895e-06
-6.676385191408675930e-06
-6.733833248628852636e-06
-6.785523109349531908e-06
-6.830914157913929603e-06
-6.870781309697938416e-06
-6.906498384612954471e-06
-6.939748527825334694e-06
-6.972571131047975469e-06
-7.007322389744370463e-06
-7.045940363349221249e-06
-7.088594803074101071e-06
-7.134469053005881286e-06
-7.182328918918173457e-06
-7.230356646663652766e-06
-7.276777367251259724e-06
-7.320474446439926353e-06
-7.360746438504138547e-06
-7.397367612709071964e-06
-7.430732309700438707e-06
-7.461649018133311544e-06
-7.491238818613546990e-06
-7.520619555538401604e-06
-7.550532878572991536e-06
-7.581032587300251657e-06
-7.611980161041547450e-06
-7.643397285546924677e-06
-7.675338256075976194e-06
-7.707659144719189356e-06
-7.739957397738256921e-06
-7.771747729849878429e-06
-7.802669615926157955e-06
-7.832542419986485702e-06
-7.861421605137843753e-06
-7.889588563492696979e-06
-7.917479091893951445e-06
-7.945640245647015413e-06
-7.974532711614443014e-06
-8.004175188212991250e-06
-8.034334225632733028e-06
-8.064635451323582467e-06
-8.094932638597751375e-06
-8.125439050574062333e-06
-8.156353447784899440e-06
-8.187838903495106818e-06
-8.220100367143814795e-06
-8.253441897784442592e-06
-8.288173815343597323e-06
-8.324528673057905522e-06
-8.362627865459013035e-06
-8.401935201893129409e-06
-8.441710972885564890e-06
-8.481216078498747703e-06
-8.519997857061852796e-06
-8.558026693242698873e-06
-8.595333594416030602e-06
-8.631901231808874339e-06
-8.667787575739554392e-06
-8.703246586247002602e-06
-8.738724485560817615e-06
-8.774735387020925702e-06
-8.811859294120094244e-06
-8.850610014081621496e-06
-8.891311046024100148e-06
-8.933974043119082987e-06
-8.978251334026193586e-06
-9.023306084644439726e-06
-9.068012768210569833e-06
-9.111306243199733971e-06
-9.152547794774610341e-06
-9.191553411375813159e-06
-9.228527738399803216e-06
-9.263975894003254893e-06
-9.298615526938673438e-06
-9.333264465736685963e-06
-9.368714712722318126e-06
-9.405597981870448727e-06
-9.444321321400066461e-06
-9.484944214583975963e-06
-9.527156007795258271e-06
-9.570339605994681030e-06
-9.613686929927051599e-06
-9.656336170231934462e-06
-9.697528532431576480e-06
-9.736799515649309766e-06
-9.774025839500835507e-06
-9.809436185345159066e-06
-9.843447470551645555e-06
-9.876569497732471965e-06
-9.909336969059688607e-06
-9.942242751180699274e-06
-9.975664956204501266e-06
-1.000984459746906076e-05
-1.004489490183317145e-05
-1.008079504195920998e-05
-1.011739736697043027e-05
-1.015447539950608371e-05
-1.019177884483835372e-05
-1.022915066223248619e-05
-1.026645135417425354e-05
-1.030360786435369010e-05
-1.034067093554274914e-05
-1.037778074240389305e-05
-1.041517447078022636e-05
-1.045299054864433345e-05
-1.049134347771878272e-05
-1.053034266794471668e-05
-1.057010158323466471e-05
-1.061071298584555815e-05
-1.065218523072891701e-05
-1.069449658505578183e-05
-1.073760418710564910e-05
-1.078141683693633510e-05
-1.082578157080544239e-05
-1.087048306615096300e-05
-1.091525153321994033e-05
-1.095977186289523704e-05
-1.100372032605599103e-05
-1.104679205563361403e-05
-1.108873907849212689e-05
-1.112940372196088938e-05
-1.116874208485019077e-05
-1.120683306312172645e-05
-1.124388098402635171e-05
-1.128027201265587787e-05
-1.131632559374272037e-05
-1.135237228139829741e-05
-1.138875099795889395e-05
-1.142567659685655439e-05
-1.146325179059046480e-05
-1.150145510122145887e-05
-1.154014017824628214e-05
-1.157906108018106439e-05
-1.161790900357941280e-05
-1.165638712315615803e-05
-1.169430302718805070e-05
-1.173149202513552910e-05
-1.176788049117895782e-05
-1.180353556399564497e-05
-1.183857699823634954e-05
-1.187323236112827643e-05
-1.190772491414839074e-05
-1.194223372639983548e-05
-1.197691749073462677e-05
-1.201189042142434658e-05
-1.204717721934341435e-05
-1.208273245064500556e-05
-1.211844773697613457e-05
-1.215416661001525954e-05
-1.218971958941009710e-05
-1.222496229450546487e-05
-1.225979951431878811e-05
-1.229419198068162614e-05
-1.232814960920108184e-05
-1.236172119789596633e-05
-1.239499330684311625e-05
-1.242807463046716085e-05
-1.246107594690125216e-05
-1.249409983051877800e-05
-1.252723002952037520e-05
-1.256052482386673007e-05
-1.259401198244262944e-05
-1.262770748325030624e-05
-1.266157699290390656e-05
-1.269554899500943573e-05
-1.272954562394897745e-05
-1.276350169554597856e-05
-1.279735724993142104e-05
-1.283106822891675160e-05
-1.286461276818388681e-05
-1.289800062737807216e-05
-1.293126078740684551e-05
-1.296444167359824475e-05
-1.299761179531034142e-05
-1.303085626292130078e-05
-1.306428373207268164e-05
-1.309798258958608671e-05
-1.313203443089073600e-05
-1.316649953877135974e-05
-1.320139416063771705e-05
-1.323669907190916743e-05
-1.327236630643262095e-05
-1.330832862369928783e-05
-1.334450106141181326e-05
-1.338078105473703297e-05
-1.341707382262446652e-05
-1.345331424373858108e-05
-1.348946912620160422e-05
-1.352554105209486746e-05
-1.356157037157221574e-05
-1.359763476235070779e-05
-1.363384516101411204e-05
-1.367032444829445826e-05
-1.370718192545734040e-05
-1.374449833076392795e-05
-1.378231399113970516e-05
-1.382061540509915892e-05
-1.385933607129316541e-05
-1.389837108193492301e-05
-1.393759124979207162e-05
-1.397687240682503891e-05
-1.401612003143585676e-05
-1.405523761786815128e-05
-1.409417268143020294e-05
-1.413292142884750988e-05
-1.417152612640639866e-05
-1.421006394494788427e-05
-1.424863164532552975e-05
-1.428732334326315542e-05
-1.432621805210864976e-05
-1.436536103315528330e-05
-1.440475974270731528e-05
-1.444438333225540609e-05
-1.448416727652038448e-05
-1.452401811017257198e-05
-1.456382708154601659e-05
-1.460348951057482481e-05
-1.464291540581383508e-05
-1.468203665112796493e-05
-1.472081460841809736e-05
-1.475926880257441073e-05
-1.479743291161111102e-05
-1.483534082964913202e-05
-1.487304021174742612e-05
-1.491062402341109772e-05
-1.494817541782139872e-05
-1.498576676854036752e-05
-1.502345773699405016e-05
-1.506124677061531177e-05
-1.509911661508637768e-05
-1.513703702376136342e-05
-1.517496043096903047e-05
-1.521283905762756075e-05
-1.525063646942870305e-05
-1.528834073238660084e-05
-1.532595322236691458e-05
-1.536346533989814387e-05
-1.540087865517608500e-05
-1.543820481141727684e-05
-1.547546383520304449e-05
-1.551268119912865650e-05
-1.554988560515390775e-05
-1.558710554659813551e-05
-1.562436217910697517e-05
-1.566166775190834450e-05
-1.569902012446719003e-05
-1.573640429022456867e-05
-1.577379147442465134e-05
-1.581114216271984371e-05
-1.584841003464503289e-05
-1.588556032874883481e-05
-1.592256368521105108e-05
-1.595939563792964173e-05
-1.599604833799954815e-05
-1.603253307730833084e-05
-1.606887983496091559e-05
-1.610513215957366201e-05
0.000000000000000000e+00
-6.483578572205662823e-06
-8.867106618218968455e-06
-1.193375198258109687e-06
1.864051157186668011e-05
5.919119921839751210e-05
1.237106898142094358e-04
2.018070894852365502e-04
2.756502486225733805e-04
4.444934576467852289e-04
6.059356894946956503e-04
6.904157846732683059e-04
8.575114166320274177e-04
9.768597888111588134e-04
9.469885166397067717e-04
1.075026287268774933e-03
1.661550346966027009e-03
2.427094424632142249e-03
3.050423411708865808e-03
3.565923492950843262e-03
4.258928150155053688e-03
5.455170982895299510e-03
6.468983906815436308e-03
7.697232605804056257e-03
8.862788555650182032e-03
1.042097502475359920e-02
1.224558227621587968e-02
1.407154082212547924e-02
1.604515436741576345e-02
1.825978017770060399e-02
2.042439802118040451e-02
2.219342957725544546e-02
2.339615078015574307e-02
2.420240964316339866e-02
2.518405038628098933e-02
2.648740318737672836e-02
2.736538256590614893e-02
2.773206726399476615e-02
2.785797773544156086e-02
2.799664036697173744e-02
2.826020584438707767e-02
2.862436234797813978e-02
2.901178967079338575e-02
2.938319878243833561e-02
2.975909936009688700e-02
3.017708949559610304e-02
3.073648684412630394e-02
3.138903937744901007e-02
3.208721182348409778e-02
3.277388547169542837e-02
3.347451439507507370e-02
3.403992063702961784e-02
3.439206984587540178e-02
3.465256123156746498e-02
3.485281559916709321e-02
3.508462186911070341e-02
3.539376253386822269e-02
3.575778499277467576e-02
3.614851743554629848e-02
3.652771884332410568e-02
3.683543600729233952e-02
3.711751081325486562e-02
3.741669122452614960e-02
3.774366720030931238e-02
3.814377747910178279e-02
3.860227245142963670e-02
3.909789963301416038e-02
3.961732435976515754e-02
4.016626580893249004e-02
4.071272044671814250e-02
4.127016128490339220e-02
4.181359542498375853e-02
4.232705245872237648e-02
4.283289706786169021e-02
4.333888646010665424e-02
4.382725788519981069e-02
4.428440787945495810e-02
4.470636384698901955e-02
4.510042691815163707e-02
4.544837448699387550e-02
4.574057809470745417e-02
4.596176074557044994e-02
4.611423266581093222e-02
4.622320220752992176e-02
4.629331840244823443e-02
4.633732799308922651e-02
4.635929665412125145e-02
4.640058172342505227e-02
4.648025181616950025e-02
4.658697531564691408e-02
4.672749727351077631e-02
4.689667681647838315e-02
4.708790330272635133e-02
4.729599169947948378e-02
4.751371996508576417e-02
4.773946495065194140e-02
4.795759936575037102e-02
4.817736940883521335e-02
4.839903338758795581e-02
4.862434337013025326e-02
4.884518339436844103e-02
4.906240825152950041e-02
4.927470234057303861e-02
4.947712186997363371e-02
4.966041450741810748e-02
4.982015353783300626e-02
4.996218943843711013e-02
5.008927802211444319e-02
5.020074732667204054e-02
5.029746472844715682e-02
5.038880440300676222e-02
5.047181438928864672e-02
5.054188379347868826e-02
5.059170442078916863e-02
5.062507540031347536e-02
5.063982313425030579e-02
5.063450586331491587e-02
5.060987352736195238e-02
5.057545697946461138e-02
5.054973649801321189e-02
5.053479247935806218e-02
5.052640474192141712e-02
5.052881329002286565e-02
5.053795635381364004e-02
5.055041345925856411e-02
5.056914760518680524e-02
5.059607291912392169e-02
5.062869060001319588e-02
5.066776180431122739e-02
5.070379790660168445e-02
5.073422888749234971e-02
5.075432600803846811e-02
5.076902030723205728e-02
5.078671794066426382e-02
5.081177894116067212e-02
5.084445273852375435e-02
5.088589143995152914e-02
5.093077289019983661e-02
5.097398517285808145e-02
5.101119239317093018e-02
5.104173732284201376e-02
5.106141065229632264e-02
5.106300364553202631e-02
5.105129864969312065e-02
5.103047934568311073e-02
5.100020623280325516e-02
5.096409346797810963e-02
5.092268234052481357e-02
5.088397900138218188e-02
5.084955108666332213e-02
5.081467332135056886e-02
5.078204611909006155e-02
5.075544326019136576e-02
5.074045193761780176e-02
5.074243427176887422e-02
5.076336816468060564e-02
5.080455550803467807e-02
5.086523548766724856e-02
5.094554652860510541e-02
5.104850284318347697e-02
5.117239352195754321e-02
5.131549262874846723e-02
5.147511864781754987e-02
5.164884171355605541e-02
5.183147070954882696e-02
5.202073397790638737e-02
5.221563916492144575e-02
5.241485745622385950e-02
5.261553283668071734e-02
5.281664112746659034e-02
5.301604403888270783e-02
5.321203626368570944e-02
5.340398035288293488e-02
5.359154651132676944e-02
5.377563631190192261e-02
5.395769454630472417e-02
5.413681287972306466e-02
5.431409797039093990e-02
5.449173295544378071e-02
5.467037760266953844e-02
5.485029762694439842e-02
5.503192936807213553e-02
5.521476468922426745e-02
5.539830124612613038e-02
5.558182508525549848e-02
5.576512795375569709e-02
5.594756447093150731e-02
5.612900661162156801e-02
5.630957447143350447e-02
5.648937724684537087e-02
5.666831837202111755e-02
5.684683998274175920e-02
5.702586877367379903e-02
5.720619102084214397e-02
5.738715457390956148e-02
5.756785196197269916e-02
5.774848827067380341e-02
5.792703953963451030e-02
5.810173243281117200e-02
5.827150995153570351e-02
5.843453850764266516e-02
5.859011933701505775e-02
5.873695607508434835e-02
5.887590145348558374e-02
5.900745842611049286e-02
5.913113441252371844e-02
5.924768998860306668e-02
5.935824778366405319e-02
5.946291796051721840e-02
5.956250361267887566e-02
5.965949668479760687e-02
5.975541025123082967e-02
5.985098230459278551e-02
5.994663445165223509e-02
6.004434292938679724e-02
6.014480033937017606e-02
6.024837676601929592e-02
6.035448176319351682e-02
6.046232793813792472e-02
6.057095897234404669e-02
6.067916932542539998e-02
6.078613644011332529e-02
6.089123182789613759e-02
6.099395300064269082e-02
6.109402610416962004e-02
6.119172869104039930e-02
6.128832426058779259e-02
6.138506406062222559e-02
6.148253734843980162e-02
6.157966998860991970e-02
6.167459384636495012e-02
6.176639517400072527e-02
6.185455701997819716e-02
6.193792946278350170e-02
6.201465010986544762e-02
6.208394843222726084e-02
6.214663374484800940e-02
6.220272753866722126e-02
6.225175082666633414e-02
6.229402960877254009e-02
6.233069900658303603e-02
6.236316321694124892e-02
6.239172965377183522e-02
6.241731718698066006e-02
6.244119207938085558e-02
6.246343514185290907e-02
6.248462991250657017e-02
6.250393003098816957e-02
6.252117392969275267e-02
6.253767820065558869e-02
6.255197900939891975e-02
6.256211979352462038e-02
6.256977017793791118e-02
6.257352091599352462e-02
6.257110852729408368e-02
6.256261346113244082e-02
6.255032034194768498e-02
6.253683245350272202e-02
6.252525541326657554e-02
6.251650001978426019e-02
6.251189050331464048e-02
6.251328695559496551e-02
6.252157790681640848e-02
6.253690662505363707e-02
6.255937098945049679e-02
6.258804685206613427e-02
6.262148417686758117e-02
6.265864688899909496e-02
6.269796145522270325e-02
6.273785697863387689e-02
6.277732154902744555e-02
6.281574307450306371e-02
6.285263818895291121e-02
6.288819044345815568e-02
6.292287941428913178e-02
6.295720851073056956e-02
6.299184807914548490e-02
6.302778735462485904e-02
6.306566653189454863e-02
6.310665731492187680e-02
6.315029550523143520e-02
6.319650892590897295e-02
6.324448745748913192e-02
6.329365192946319330e-02
6.334371792759482811e-02
6.339385896894617067e-02
6.344365618684032204e-02
6.349261782139345445e-02
6.354008789622034303e-02
6.358544655791094347e-02
6.362862851011907850e-02
6.367015749326616902e-02
6.370992370748292111e-02
6.374803834979728134e-02
6.378462148349534067e-02
6.381994673110692740e-02
6.385378792720591834e-02
6.388591222749483156e-02
6.391636285513149773e-02
6.394456942395636279e-02
6.396965558525589957e-02
6.399102887974013332e-02
6.400844745818769221e-02
6.402199895840503252e-02
6.403151148728676578e-02
6.403766528307434924e-02
6.404148878645095355e-02
6.404386560161928754e-02
6.404579366255486184e-02
6.404886530602375838e-02
6.405441242354245612e-02
6.406305851744643898e-02
6.407541932360547032e-02
6.409198641330349222e-02
6.411308928686806907e-02
6.413858564563262865e-02
6.416801559183309134e-02
6.420076295776619424e-02
6.423636698185847260e-02
6.427440127215118537e-02
6.431397651659316594e-02
6.435437255654848088e-02
6.439522204673307770e-02
6.443595989057121498e-02
6.447609339567300646e-02
6.451537964247423818e-02
6.455370726334870579e-02
6.459092207797442753e-02
6.462682105626148255e-02
6.466124668395299702e-02
6.469389863667709961e-02
6.472438233722335732e-02
6.475214803405908437e-02
6.477648612074232704e-02
6.479661012628271100e-02
6.481218267217388196e-02
6.482294846513356190e-02
6.482882765052748464e-02
6.483020986633024341e-02
6.482766575463873304e-02
6.482185266918671918e-02
6.481363322813629702e-02
6.480392291668445048e-02
6.479340168024184943e-02
6.478282239203415893e-02
6.477290096831503363e-02
6.476408553613691166e-02
6.475650115688350028e-02
6.475018549261675471e-02
6.474523293322335948e-02
6.474154779762696099e-02
6.473898897682335563e-02
6.473715510395194883e-02
6.473564775739922006e-02
6.473416477440317729e-02
6.473244681499512598e-02
6.473041965769812944e-02
6.472786586571596668e-02
6.472451827367524391e-02
6.472013687601174681e-02
6.471468360772336670e-02
6.470815365255154494e-02
6.470060948464990969e-02
6.469192139635238092e-02
6.468195437151846861e-02
6.467054188251086799e-02
6.465769044546688937e-02
6.464333522915816088e-02
6.462739074003982787e-02
6.460978616263184093e-02
6.459058076802562387e-02
6.457012073853052314e-02
6.454886449586860753e-02
6.452729505934953758e-02
6.450604105542327715e-02
6.448596535565653820e-02
6.446766175501639218e-02
6.445141626366295007e-02
6.443739422706944164e-02
6.442584551081011190e-02
6.441664950177666826e-02
6.440968278840178418e-02
6.440496526201308636e-02
6.440238574750797862e-02
6.440159088358166084e-02
6.440203222818498274e-02
6.440298848781175756e-02
6.440387049885697157e-02
6.440416794033115844e-02
6.440340550200028547e-02
6.440128966790693854e-02
6.439765834761160268e-02
6.439232796650082302e-02
6.438524186629368540e-02
6.437640492821415650e-02
6.436573550794849607e-02
6.435329181433595280e-02
6.433901937185544651e-02
6.432296911379034587e-02
6.430525490702364289e-02
6.428591519709417335e-02
